# seed=23
# instance=PIECEWISE
# popSize=50
# generations=100
# crossover=BlockUniform(p=0.75)
# mutation=p0=0.02,pMin=0.002,alpha=0.95
# tournamentK=3
# elitism=2
# lambda_similarity=0.3
# fights_per_team=10
# anchors=5
gen,changes,best_fitness,best_winrate,best_similarity,avg_fitness,worst_fitness,best_genome
0,1,-0.5958,0.8750,0.9306,-0.1713,0.2734,"31 40 38 40 38 13 33 33 24 38 23 3 25 2 2 24 9 25 27 12 11 7 0 28 30 6 36 38 13 8 29 0 25 21 17 14 28 1 29 22 27 33 40 32 29 36 30 37 4 14 13 23 27 7 9 31 2 42 24 16 15 37 30 16 35 42 0 0 10 35 33 22 42 37 7 20 15 1 33 15 26 40 9 13 19 8 28 29 14 24 27 31 19 25 26 7 16 28 32 1 28 28 1 34 7 16 26 18 23 5 32 5 9 24 35 20 12 7 30 18 30 23 33 7 1 30 35 34 8 8 27 28 11 37 13 7 6 37 37 33 19 14 26 37 25 4 27 36 38 19 19 11 4 18 28 32 13 27 0 28 4 13 27 41 7 26 39 0 30 0 0 7 32 3 12 10 26 18 27 20 23 0 40 2 36 38 21 3 35 6 14 11 23 12 12 23 22 5 24 21 20 35 1 29 26 40 16 5 34 18 18 38 22 14 6 16 41 9 41 42 36 20 6 11 5 24 11 5 13 30 25 7 10 37 8 40 19 12 14 11 14 11 34 20 37 14 27 19 12 6 7 15 11 25 39 24 31 26 28 0 40 27 31 22 26 4 15 10 38 30 0 28 22 18 11 42 23 4 37 40 22 3 0 8 41 16 39 36 38 8 19 15 9 28 21 27 2 7 31 3 13 35 30 28 20 6 30 42 22 37 13 20 1 18 10 25 22 3 16 10 25 25 13 32 23 38 1 30 2 18 37 24 36 5 27 30 28 16 37 26 1 14 29 4 6 11 15 21 15 0 33 37 0 18 10 4 28 1 26 32 28 19 31 14 11 35 18 4 31 19 0 7 37 38 42 11 26 39 10 35 3 17 23 7 34 20 20 4 10 19 29 41 22 29 1 41 25 24 6 1 39 21 35 2 10 2 3 13 13 37 25 27 33 41 19 42 27 40 29 20 36 9 42 22 23 31 3 12 39 29 21 38 21 30 20 8 20 12 36 4 19 29 11 24 2 10 37 38 29 2 38 12 1 8 12 11 11 0 15 0 39 29 27 30 38 8 0 24 30 27 25 15 17 4 39 36 17 11 14 40 11 30 10 1 25 2 36 40 34 30 5 34 16 23 5 35 34 10 42 2"
1,2,-0.7382,0.9200,0.6061,-0.4373,-0.2431,"9 2 2 2 10 41 41 2 2 2 9 1 2 39 10 38 2 9 3 39 2 2 2 2 0 2 41 9 2 11 10 2 36 2 2 11 2 41 2 2 2 2 2 39 2 39 11 11 2 2 9 41 41 10 2 9 39 2 2 39 10 2 2 41 9 2 2 10 39 2 40 2 2 2 39 11 2 2 41 2 2 9 9 41 41 39 39 39 38 2 39 2 2 11 10 10 2 2 11 2 41 41 39 41 38 38 41 41 0 41 1 41 41 0 39 41 29 41 33 41 41 39 41 1 0 41 38 38 39 39 35 39 41 41 36 32 0 3 41 39 41 38 41 6 0 1 1 41 39 41 34 41 1 39 38 13 38 41 24 39 39 39 30 41 3 32 41 0 22 0 5 41 1 39 13 41 42 39 41 1 0 41 0 41 39 41 41 41 38 36 41 32 41 13 0 6 41 1 38 3 41 28 37 30 23 23 23 23 30 12 12 23 28 12 12 35 12 12 29 12 23 29 24 6 28 12 23 23 12 29 23 24 23 23 30 23 29 12 23 29 10 23 12 37 12 17 12 36 33 7 29 30 23 11 23 24 12 12 12 12 28 29 23 12 12 12 23 39 30 5 23 12 23 12 12 23 28 28 12 12 12 30 29 24 23 15 12 30 23 12 12 28 12 12 39 30 12 30 23 23 26 12 31 12 10 2 12 28 33 12 37 12 12 31 12 32 0 38 23 28 32 37 32 32 36 12 12 31 39 10 10 12 12 4 12 1 32 12 31 12 32 15 18 33 12 36 12 30 12 10 12 21 33 16 32 12 12 12 12 25 12 32 32 10 12 24 33 0 40 42 12 8 23 15 33 32 33 15 26 34 21 37 11 32 12 32 33 33 19 33 12 33 37 12 14 30 12 12 9 5 16 25 9 42 25 24 2 32 41 28 35 6 5 27 9 27 17 2 29 33 32 4 24 15 11 23 38 5 33 10 22 10 38 24 20 26 3 41 38 23 13 1 39 16 30 38 0 16 4 8 5 26 17 33 35 40 37 35 7 16 15 4 34 33 3 27 23 7 30 5 32 21 34 29 0 21 39 24 22 19 21 22 16 28 9 35 4 1 31 28 13 7 32 40 35 7 23 25 32 1"
2,3,-0.7764,0.9394,0.5433,-0.4882,-0.2467,"20 0 13 29 18 1 3 8 9 38 3 6 1 9 38 39 19 3 40 10 13 3 10 3 1 1 6 33 4 13 32 13 2 38 38 9 1 0 13 21 0 1 12 0 34 1 22 1 13 36 29 38 3 40 15 20 14 0 0 38 31 0 0 13 3 0 19 41 11 0 5 3 18 0 26 1 24 8 3 27 35 12 11 3 29 16 38 0 38 41 39 17 1 11 24 21 41 3 3 0 3 9 12 12 3 11 9 9 9 9 9 0 10 11 11 9 21 12 3 9 9 22 9 22 10 9 12 11 0 11 9 9 19 9 41 9 0 9 9 11 9 9 11 3 11 41 10 9 0 38 41 9 9 22 1 3 0 30 41 22 3 11 12 10 9 10 41 3 9 11 9 41 9 10 9 9 10 9 9 19 10 9 13 9 3 11 0 11 40 41 41 41 38 41 11 22 0 9 9 0 28 30 7 8 38 1 0 3 28 1 3 28 28 28 7 3 0 13 0 38 28 33 7 8 28 8 30 28 28 38 38 28 38 28 28 2 13 28 7 28 28 13 3 29 38 7 28 28 1 38 28 30 0 3 13 7 28 13 7 28 30 28 3 28 8 3 0 28 7 3 1 20 28 28 28 28 7 0 28 3 7 13 1 0 38 28 29 8 28 6 8 28 0 28 28 7 28 29 28 8 5 4 5 2 2 37 2 2 2 7 42 37 2 37 6 2 4 2 26 2 2 37 2 42 6 2 2 42 2 6 2 17 42 42 2 42 5 42 6 5 26 2 42 2 2 42 42 6 2 37 4 2 2 2 6 5 2 37 6 40 2 5 42 42 2 6 25 5 37 6 42 25 42 37 2 6 37 37 2 42 2 2 5 2 2 2 2 2 4 4 4 5 37 37 40 2 6 42 42 2 21 39 39 31 21 31 39 21 31 39 39 31 39 39 39 39 21 31 21 39 39 21 39 21 39 39 21 39 31 39 39 21 39 39 21 31 33 39 39 31 39 31 33 22 12 39 31 31 32 21 39 31 31 39 21 39 31 0 21 39 31 32 21 39 33 33 22 31 39 21 39 3 31 32 31 21 39 39 21 31 39 31 31 32 39 39 39 39 31 39 39 39 39 31 31 39 31 39 39 39"
3,3,-0.7168,0.9200,0.6772,-0.4851,-0.3402,"20 0 13 29 18 1 3 8 9 38 3 6 1 9 38 39 19 3 40 10 13 3 10 3 1 1 6 33 4 13 32 13 2 38 38 9 1 0 13 21 0 1 12 0 34 1 22 1 13 36 29 38 3 40 15 20 14 0 0 38 31 0 0 13 3 0 19 41 11 0 5 3 18 0 26 1 24 8 3 27 35 12 11 3 29 16 38 0 38 41 39 17 1 11 24 21 41 3 3 0 3 9 12 12 3 11 9 9 9 9 9 0 10 11 11 9 21 12 3 9 9 22 9 22 10 9 12 11 0 11 9 9 19 9 41 9 0 9 9 11 9 9 11 3 11 41 10 9 0 38 41 9 9 22 1 3 0 30 41 22 3 11 12 10 9 10 41 3 9 11 9 41 9 10 9 9 10 9 9 19 10 9 13 9 3 11 0 11 40 41 41 41 38 41 11 22 0 9 9 0 28 30 7 8 38 1 0 3 28 1 3 28 28 28 7 3 0 13 0 38 28 33 7 8 28 8 30 28 28 38 38 28 38 28 28 2 13 28 7 28 28 13 3 29 38 7 28 28 1 38 28 30 0 3 13 7 28 13 7 28 30 28 3 28 8 3 0 28 7 3 1 20 28 28 28 28 7 0 28 3 7 13 1 0 38 28 29 8 28 6 8 28 0 28 28 7 28 29 28 8 5 4 5 2 2 37 2 2 2 7 42 37 2 37 6 2 4 2 26 2 2 37 2 42 6 2 2 42 2 6 2 17 42 42 2 42 5 42 6 5 26 2 42 2 2 42 42 6 2 37 4 2 2 2 6 5 2 37 6 40 2 5 42 42 2 6 25 5 37 6 42 25 42 37 2 6 37 37 2 42 2 2 5 2 2 2 2 2 4 4 4 5 37 37 40 2 6 42 42 2 21 39 39 31 21 31 39 21 31 39 39 31 39 39 39 39 21 31 21 39 39 21 39 21 39 39 21 39 31 39 39 21 39 39 21 31 33 39 39 31 39 31 33 22 12 39 31 31 32 21 39 31 31 39 21 39 31 0 21 39 31 32 21 39 33 33 22 31 39 21 39 3 31 32 31 21 39 39 21 31 39 31 31 32 39 39 39 39 31 39 39 39 39 31 31 39 31 39 39 39"
4,3,-0.7295,0.8889,0.5313,-0.4767,-0.2937,"20 0 13 29 18 1 3 8 9 38 3 6 1 9 38 39 19 3 40 10 13 3 10 3 1 1 6 33 4 13 32 13 2 38 38 9 1 0 13 21 0 1 12 0 34 1 22 1 13 36 29 38 3 40 15 20 14 0 0 38 31 0 0 13 3 0 19 41 11 0 5 3 18 0 26 1 24 8 3 27 35 12 11 3 29 16 38 0 38 41 39 17 1 11 24 21 41 3 3 0 3 9 12 12 3 11 9 9 9 9 9 0 10 11 11 9 21 12 3 9 9 22 9 22 10 9 12 11 0 11 9 9 19 9 41 9 0 9 9 11 9 9 11 3 11 41 10 9 0 38 41 9 9 22 1 3 0 30 41 22 3 11 12 10 9 10 41 3 9 11 9 41 9 10 9 9 10 9 9 19 10 9 13 9 3 11 0 11 40 41 41 41 38 41 11 22 0 9 9 0 28 30 7 8 38 1 0 3 28 1 3 28 28 28 7 3 0 13 0 38 28 33 7 8 28 8 30 28 28 38 38 28 38 28 28 2 13 28 7 28 28 13 3 29 38 7 28 28 1 38 28 30 0 3 13 7 28 13 7 28 30 28 3 28 8 3 0 28 7 3 1 20 28 28 28 28 7 0 28 3 7 13 1 0 38 28 29 8 28 6 8 28 0 28 28 7 28 29 28 8 5 4 5 2 2 37 2 2 2 7 42 37 2 37 6 2 4 2 26 2 2 37 2 42 6 2 2 42 2 6 2 17 42 42 2 42 5 42 6 5 26 2 42 2 2 42 42 6 2 37 4 2 2 2 6 5 2 37 6 40 2 5 42 42 2 6 25 5 37 6 42 25 42 37 2 6 37 37 2 42 2 2 5 2 2 2 2 2 4 4 4 5 37 37 40 2 6 42 42 2 21 39 39 31 21 31 39 21 31 39 39 31 39 39 39 39 21 31 21 39 39 21 39 21 39 39 21 39 31 39 39 21 39 39 21 31 33 39 39 31 39 31 33 22 12 39 31 31 32 21 39 31 31 39 21 39 31 0 21 39 31 32 21 39 33 33 22 31 39 21 39 3 31 32 31 21 39 39 21 31 39 31 31 32 39 39 39 39 31 39 39 39 39 31 31 39 31 39 39 39"
5,3,-0.7350,0.9286,0.6453,-0.5013,-0.3123,"20 0 13 29 18 1 3 8 9 38 3 6 1 9 38 39 19 3 40 10 13 3 10 3 1 1 6 33 4 13 32 13 2 38 38 9 1 0 13 21 0 1 12 0 34 1 22 1 13 36 29 38 3 40 15 20 14 0 0 38 31 0 0 13 3 0 19 41 11 0 5 3 18 0 26 1 24 8 3 27 35 12 11 3 29 16 38 0 38 41 39 17 1 11 24 21 41 3 3 0 3 9 12 12 3 11 9 9 9 9 9 0 10 11 11 9 21 12 3 9 9 22 9 22 10 9 12 11 0 11 9 9 19 9 41 9 0 9 9 11 9 9 11 3 11 41 10 9 0 38 41 9 9 22 1 3 0 30 41 22 3 11 12 10 9 10 41 3 9 11 9 41 9 10 9 9 10 9 9 19 10 9 13 9 3 11 0 11 40 41 41 41 38 41 11 22 0 9 9 0 28 30 7 8 38 1 0 3 28 1 3 28 28 28 7 3 0 13 0 38 28 33 7 8 28 8 30 28 28 38 38 28 38 28 28 2 13 28 7 28 28 13 3 29 38 7 28 28 1 38 28 30 0 3 13 7 28 13 7 28 30 28 3 28 8 3 0 28 7 3 1 20 28 28 28 28 7 0 28 3 7 13 1 0 38 28 29 8 28 6 8 28 0 28 28 7 28 29 28 8 5 4 5 2 2 37 2 2 2 7 42 37 2 37 6 2 4 2 26 2 2 37 2 42 6 2 2 42 2 6 2 17 42 42 2 42 5 42 6 5 26 2 42 2 2 42 42 6 2 37 4 2 2 2 6 5 2 37 6 40 2 5 42 42 2 6 25 5 37 6 42 25 42 37 2 6 37 37 2 42 2 2 5 2 2 2 2 2 4 4 4 5 37 37 40 2 6 42 42 2 21 39 39 31 21 31 39 21 31 39 39 31 39 39 39 39 21 31 21 39 39 21 39 21 39 39 21 39 31 39 39 21 39 39 21 31 33 39 39 31 39 31 33 22 12 39 31 31 32 21 39 31 31 39 21 39 31 0 21 39 31 32 21 39 33 33 22 31 39 21 39 3 31 32 31 21 39 39 21 31 39 31 31 32 39 39 39 39 31 39 39 39 39 31 31 39 31 39 39 39"
6,3,-0.7422,0.9259,0.6125,-0.5090,-0.3301,"20 0 13 29 18 1 3 8 9 38 3 6 1 9 38 39 19 3 40 10 13 3 10 3 1 1 6 33 4 13 32 13 2 38 38 9 1 0 13 21 0 1 12 0 34 1 22 1 13 36 29 38 3 40 15 20 14 0 0 38 31 0 0 13 3 0 19 41 11 0 5 3 18 0 26 1 24 8 3 27 35 12 11 3 29 16 38 0 38 41 39 17 1 11 24 21 41 3 3 0 3 9 12 12 3 11 9 9 9 9 9 0 10 11 11 9 21 12 3 9 9 22 9 22 10 9 12 11 0 11 9 9 19 9 41 9 0 9 9 11 9 9 11 3 11 41 10 9 0 38 41 9 9 22 1 3 0 30 41 22 3 11 12 10 9 10 41 3 9 11 9 41 9 10 9 9 10 9 9 19 10 9 13 9 3 11 0 11 40 41 41 41 38 41 11 22 0 9 9 0 28 30 7 8 38 1 0 3 28 1 3 28 28 28 7 3 0 13 0 38 28 33 7 8 28 8 30 28 28 38 38 28 38 28 28 2 13 28 7 28 28 13 3 29 38 7 28 28 1 38 28 30 0 3 13 7 28 13 7 28 30 28 3 28 8 3 0 28 7 3 1 20 28 28 28 28 7 0 28 3 7 13 1 0 38 28 29 8 28 6 8 28 0 28 28 7 28 29 28 8 5 4 5 2 2 37 2 2 2 7 42 37 2 37 6 2 4 2 26 2 2 37 2 42 6 2 2 42 2 6 2 17 42 42 2 42 5 42 6 5 26 2 42 2 2 42 42 6 2 37 4 2 2 2 6 5 2 37 6 40 2 5 42 42 2 6 25 5 37 6 42 25 42 37 2 6 37 37 2 42 2 2 5 2 2 2 2 2 4 4 4 5 37 37 40 2 6 42 42 2 21 39 39 31 21 31 39 21 31 39 39 31 39 39 39 39 21 31 21 39 39 21 39 21 39 39 21 39 31 39 39 21 39 39 21 31 33 39 39 31 39 31 33 22 12 39 31 31 32 21 39 31 31 39 21 39 31 0 21 39 31 32 21 39 33 33 22 31 39 21 39 3 31 32 31 21 39 39 21 31 39 31 31 32 39 39 39 39 31 39 39 39 39 31 31 39 31 39 39 39"
7,3,-0.7276,0.9200,0.6414,-0.5126,-0.3352,"20 0 13 29 18 1 3 8 9 38 3 6 1 9 38 39 19 3 40 10 13 3 10 3 1 1 6 33 4 13 32 13 2 38 38 9 1 0 13 21 0 1 12 0 34 1 22 1 13 36 29 38 3 40 15 20 14 0 0 38 31 0 0 13 3 0 19 41 11 0 5 3 18 0 26 1 24 8 3 27 35 12 11 3 29 16 38 0 38 41 39 17 1 11 24 21 41 3 3 0 3 9 12 12 3 11 9 9 9 9 9 0 10 11 11 9 21 12 3 9 9 22 9 22 10 9 12 11 0 11 9 9 19 9 41 9 0 9 9 11 9 9 11 3 11 41 10 9 0 38 41 9 9 22 1 3 0 30 41 22 3 11 12 10 9 10 41 3 9 11 9 41 9 10 9 9 10 9 9 19 10 9 13 9 3 11 0 11 40 41 41 41 38 41 11 22 0 9 9 0 28 30 7 8 38 1 0 3 28 1 3 28 28 28 7 3 0 13 0 38 28 33 7 8 28 8 30 28 28 38 38 28 38 28 28 2 13 28 7 28 28 13 3 29 38 7 28 28 1 38 28 30 0 3 13 7 28 13 7 28 30 28 3 28 8 3 0 28 7 3 1 20 28 28 28 28 7 0 28 3 7 13 1 0 38 28 29 8 28 6 8 28 0 28 28 7 28 29 28 8 5 4 5 2 2 37 2 2 2 7 42 37 2 37 6 2 4 2 26 2 2 37 2 42 6 2 2 42 2 6 2 17 42 42 2 42 5 42 6 5 26 2 42 2 2 42 42 6 2 37 4 2 2 2 6 5 2 37 6 40 2 5 42 42 2 6 25 5 37 6 42 25 42 37 2 6 37 37 2 42 2 2 5 2 2 2 2 2 4 4 4 5 37 37 40 2 6 42 42 2 21 39 39 31 21 31 39 21 31 39 39 31 39 39 39 39 21 31 21 39 39 21 39 21 39 39 21 39 31 39 39 21 39 39 21 31 33 39 39 31 39 31 33 22 12 39 31 31 32 21 39 31 31 39 21 39 31 0 21 39 31 32 21 39 33 33 22 31 39 21 39 3 31 32 31 21 39 39 21 31 39 31 31 32 39 39 39 39 31 39 39 39 39 31 31 39 31 39 39 39"
8,3,-0.7137,0.8966,0.6095,-0.5022,-0.3379,"20 0 13 29 18 1 3 8 9 38 3 6 1 9 38 39 19 3 40 10 13 3 10 3 1 1 6 33 4 13 32 13 2 38 38 9 1 0 13 21 0 1 12 0 34 1 22 1 13 36 29 38 3 40 15 20 14 0 0 38 31 0 0 13 3 0 19 41 11 0 5 3 18 0 26 1 24 8 3 27 35 12 11 3 29 16 38 0 38 41 39 17 1 11 24 21 41 3 3 0 3 9 12 12 3 11 9 9 9 9 9 0 10 11 11 9 21 12 3 9 9 22 9 22 10 9 12 11 0 11 9 9 19 9 41 9 0 9 9 11 9 9 11 3 11 41 10 9 0 38 41 9 9 22 1 3 0 30 41 22 3 11 12 10 9 10 41 3 9 11 9 41 9 10 9 9 10 9 9 19 10 9 13 9 3 11 0 11 40 41 41 41 38 41 11 22 0 9 9 0 28 30 7 8 38 1 0 3 28 1 3 28 28 28 7 3 0 13 0 38 28 33 7 8 28 8 30 28 28 38 38 28 38 28 28 2 13 28 7 28 28 13 3 29 38 7 28 28 1 38 28 30 0 3 13 7 28 13 7 28 30 28 3 28 8 3 0 28 7 3 1 20 28 28 28 28 7 0 28 3 7 13 1 0 38 28 29 8 28 6 8 28 0 28 28 7 28 29 28 8 5 4 5 2 2 37 2 2 2 7 42 37 2 37 6 2 4 2 26 2 2 37 2 42 6 2 2 42 2 6 2 17 42 42 2 42 5 42 6 5 26 2 42 2 2 42 42 6 2 37 4 2 2 2 6 5 2 37 6 40 2 5 42 42 2 6 25 5 37 6 42 25 42 37 2 6 37 37 2 42 2 2 5 2 2 2 2 2 4 4 4 5 37 37 40 2 6 42 42 2 21 39 39 31 21 31 39 21 31 39 39 31 39 39 39 39 21 31 21 39 39 21 39 21 39 39 21 39 31 39 39 21 39 39 21 31 33 39 39 31 39 31 33 22 12 39 31 31 32 21 39 31 31 39 21 39 31 0 21 39 31 32 21 39 33 33 22 31 39 21 39 3 31 32 31 21 39 39 21 31 39 31 31 32 39 39 39 39 31 39 39 39 39 31 31 39 31 39 39 39"
9,3,-0.7640,0.9355,0.5717,-0.4919,-0.3297,"20 0 13 29 18 1 3 8 9 38 3 6 1 9 38 39 19 3 40 10 13 3 10 3 1 1 6 33 4 13 32 13 2 38 38 9 1 0 13 21 0 1 12 0 34 1 22 1 13 36 29 38 3 40 15 20 14 0 0 38 31 0 0 13 3 0 19 41 11 0 5 3 18 0 26 1 24 8 3 27 35 12 11 3 29 16 38 0 38 41 39 17 1 11 24 21 41 3 3 0 3 9 12 12 3 11 9 9 9 9 9 0 10 11 11 9 21 12 3 9 9 22 9 22 10 9 12 11 0 11 9 9 19 9 41 9 0 9 9 11 9 9 11 3 11 41 10 9 0 38 41 9 9 22 1 3 0 30 41 22 3 11 12 10 9 10 41 3 9 11 9 41 9 10 9 9 10 9 9 19 10 9 13 9 3 11 0 11 40 41 41 41 38 41 11 22 0 9 9 0 28 30 7 8 38 1 0 3 28 1 3 28 28 28 7 3 0 13 0 38 28 33 7 8 28 8 30 28 28 38 38 28 38 28 28 2 13 28 7 28 28 13 3 29 38 7 28 28 1 38 28 30 0 3 13 7 28 13 7 28 30 28 3 28 8 3 0 28 7 3 1 20 28 28 28 28 7 0 28 3 7 13 1 0 38 28 29 8 28 6 8 28 0 28 28 7 28 29 28 8 5 4 5 2 2 37 2 2 2 7 42 37 2 37 6 2 4 2 26 2 2 37 2 42 6 2 2 42 2 6 2 17 42 42 2 42 5 42 6 5 26 2 42 2 2 42 42 6 2 37 4 2 2 2 6 5 2 37 6 40 2 5 42 42 2 6 25 5 37 6 42 25 42 37 2 6 37 37 2 42 2 2 5 2 2 2 2 2 4 4 4 5 37 37 40 2 6 42 42 2 21 39 39 31 21 31 39 21 31 39 39 31 39 39 39 39 21 31 21 39 39 21 39 21 39 39 21 39 31 39 39 21 39 39 21 31 33 39 39 31 39 31 33 22 12 39 31 31 32 21 39 31 31 39 21 39 31 0 21 39 31 32 21 39 33 33 22 31 39 21 39 3 31 32 31 21 39 39 21 31 39 31 31 32 39 39 39 39 31 39 39 39 39 31 31 39 31 39 39 39"
10,3,-0.7024,0.8696,0.5573,-0.5015,-0.3495,"20 0 13 29 18 1 3 8 9 38 3 6 1 9 38 39 19 3 40 10 13 3 10 3 1 1 6 33 4 13 32 13 2 38 38 9 1 0 13 21 0 1 12 0 34 1 22 1 13 36 29 38 3 40 15 20 14 0 0 38 31 0 0 13 3 0 19 41 11 0 5 3 18 0 26 1 24 8 3 27 35 12 11 3 29 16 38 0 38 41 39 17 1 11 24 21 41 3 3 0 3 9 12 12 3 11 9 9 9 9 9 0 10 11 11 9 21 12 3 9 9 22 9 22 10 9 12 11 0 11 9 9 19 9 41 9 0 9 9 11 9 9 11 3 11 41 10 9 0 38 41 9 9 22 1 3 0 30 41 22 3 11 12 10 9 10 41 3 9 11 9 41 9 10 9 9 10 9 9 19 10 9 13 9 3 11 0 11 40 41 41 41 38 41 11 22 0 9 9 0 28 30 7 8 38 1 0 3 28 1 3 28 28 28 7 3 0 13 0 38 28 33 7 8 28 8 30 28 28 38 38 28 38 28 28 2 13 28 7 28 28 13 3 29 38 7 28 28 1 38 28 30 0 3 13 7 28 13 7 28 30 28 3 28 8 3 0 28 7 3 1 20 28 28 28 28 7 0 28 3 7 13 1 0 38 28 29 8 28 6 8 28 0 28 28 7 28 29 28 8 5 4 5 2 2 37 2 2 2 7 42 37 2 37 6 2 4 2 26 2 2 37 2 42 6 2 2 42 2 6 2 17 42 42 2 42 5 42 6 5 26 2 42 2 2 42 42 6 2 37 4 2 2 2 6 5 2 37 6 40 2 5 42 42 2 6 25 5 37 6 42 25 42 37 2 6 37 37 2 42 2 2 5 2 2 2 2 2 4 4 4 5 37 37 40 2 6 42 42 2 21 39 39 31 21 31 39 21 31 39 39 31 39 39 39 39 21 31 21 39 39 21 39 21 39 39 21 39 31 39 39 21 39 39 21 31 33 39 39 31 39 31 33 22 12 39 31 31 32 21 39 31 31 39 21 39 31 0 21 39 31 32 21 39 33 33 22 31 39 21 39 3 31 32 31 21 39 39 21 31 39 31 31 32 39 39 39 39 31 39 39 39 39 31 31 39 31 39 39 39"
11,3,-0.7299,0.9545,0.7489,-0.4798,-0.3328,"20 0 13 29 18 1 3 8 9 38 3 6 1 9 38 39 19 3 40 10 13 3 10 3 1 1 6 33 4 13 32 13 2 38 38 9 1 0 13 21 0 1 12 0 34 1 22 1 13 36 29 38 3 40 15 20 14 0 0 38 31 0 0 13 3 0 19 41 11 0 5 3 18 0 26 1 24 8 3 27 35 12 11 3 29 16 38 0 38 41 39 17 1 11 24 21 41 3 3 0 3 9 12 12 3 11 9 9 9 9 9 0 10 11 11 9 21 12 3 9 9 22 9 22 10 9 12 11 0 11 9 9 19 9 41 9 0 9 9 11 9 9 11 3 11 41 10 9 0 38 41 9 9 22 1 3 0 30 41 22 3 11 12 10 9 10 41 3 9 11 9 41 9 10 9 9 10 9 9 19 10 9 13 9 3 11 0 11 40 41 41 41 38 41 11 22 0 9 9 0 28 30 7 8 38 1 0 3 28 1 3 28 28 28 7 3 0 13 0 38 28 33 7 8 28 8 30 28 28 38 38 28 38 28 28 2 13 28 7 28 28 13 3 29 38 7 28 28 1 38 28 30 0 3 13 7 28 13 7 28 30 28 3 28 8 3 0 28 7 3 1 20 28 28 28 28 7 0 28 3 7 13 1 0 38 28 29 8 28 6 8 28 0 28 28 7 28 29 28 8 5 4 5 2 2 37 2 2 2 7 42 37 2 37 6 2 4 2 26 2 2 37 2 42 6 2 2 42 2 6 2 17 42 42 2 42 5 42 6 5 26 2 42 2 2 42 42 6 2 37 4 2 2 2 6 5 2 37 6 40 2 5 42 42 2 6 25 5 37 6 42 25 42 37 2 6 37 37 2 42 2 2 5 2 2 2 2 2 4 4 4 5 37 37 40 2 6 42 42 2 21 39 39 31 21 31 39 21 31 39 39 31 39 39 39 39 21 31 21 39 39 21 39 21 39 39 21 39 31 39 39 21 39 39 21 31 33 39 39 31 39 31 33 22 12 39 31 31 32 21 39 31 31 39 21 39 31 0 21 39 31 32 21 39 33 33 22 31 39 21 39 3 31 32 31 21 39 39 21 31 39 31 31 32 39 39 39 39 31 39 39 39 39 31 31 39 31 39 39 39"
12,3,-0.7324,0.9565,0.7469,-0.4906,-0.3362,"20 0 13 29 18 1 3 8 9 38 3 6 1 9 38 39 19 3 40 10 13 3 10 3 1 1 6 33 4 13 32 13 2 38 38 9 1 0 13 21 0 1 12 0 34 1 22 1 13 36 29 38 3 40 15 20 14 0 0 38 31 0 0 13 3 0 19 41 11 0 5 3 18 0 26 1 24 8 3 27 35 12 11 3 29 16 38 0 38 41 39 17 1 11 24 21 41 3 3 0 3 9 12 12 3 11 9 9 9 9 9 0 10 11 11 9 21 12 3 9 9 22 9 22 10 9 12 11 0 11 9 9 19 9 41 9 0 9 9 11 9 9 11 3 11 41 10 9 0 38 41 9 9 22 1 3 0 30 41 22 3 11 12 10 9 10 41 3 9 11 9 41 9 10 9 9 10 9 9 19 10 9 13 9 3 11 0 11 40 41 41 41 38 41 11 22 0 9 9 0 28 30 7 8 38 1 0 3 28 1 3 28 28 28 7 3 0 13 0 38 28 33 7 8 28 8 30 28 28 38 38 28 38 28 28 2 13 28 7 28 28 13 3 29 38 7 28 28 1 38 28 30 0 3 13 7 28 13 7 28 30 28 3 28 8 3 0 28 7 3 1 20 28 28 28 28 7 0 28 3 7 13 1 0 38 28 29 8 28 6 8 28 0 28 28 7 28 29 28 8 5 4 5 2 2 37 2 2 2 7 42 37 2 37 6 2 4 2 26 2 2 37 2 42 6 2 2 42 2 6 2 17 42 42 2 42 5 42 6 5 26 2 42 2 2 42 42 6 2 37 4 2 2 2 6 5 2 37 6 40 2 5 42 42 2 6 25 5 37 6 42 25 42 37 2 6 37 37 2 42 2 2 5 2 2 2 2 2 4 4 4 5 37 37 40 2 6 42 42 2 21 39 39 31 21 31 39 21 31 39 39 31 39 39 39 39 21 31 21 39 39 21 39 21 39 39 21 39 31 39 39 21 39 39 21 31 33 39 39 31 39 31 33 22 12 39 31 31 32 21 39 31 31 39 21 39 31 0 21 39 31 32 21 39 33 33 22 31 39 21 39 3 31 32 31 21 39 39 21 31 39 31 31 32 39 39 39 39 31 39 39 39 39 31 31 39 31 39 39 39"
13,3,-0.7564,0.9545,0.6604,-0.4863,-0.3129,"20 0 13 29 18 1 3 8 9 38 3 6 1 9 38 39 19 3 40 10 13 3 10 3 1 1 6 33 4 13 32 13 2 38 38 9 1 0 13 21 0 1 12 0 34 1 22 1 13 36 29 38 3 40 15 20 14 0 0 38 31 0 0 13 3 0 19 41 11 0 5 3 18 0 26 1 24 8 3 27 35 12 11 3 29 16 38 0 38 41 39 17 1 11 24 21 41 3 3 0 3 9 12 12 3 11 9 9 9 9 9 0 10 11 11 9 21 12 3 9 9 22 9 22 10 9 12 11 0 11 9 9 19 9 41 9 0 9 9 11 9 9 11 3 11 41 10 9 0 38 41 9 9 22 1 3 0 30 41 22 3 11 12 10 9 10 41 3 9 11 9 41 9 10 9 9 10 9 9 19 10 9 13 9 3 11 0 11 40 41 41 41 38 41 11 22 0 9 9 0 28 30 7 8 38 1 0 3 28 1 3 28 28 28 7 3 0 13 0 38 28 33 7 8 28 8 30 28 28 38 38 28 38 28 28 2 13 28 7 28 28 13 3 29 38 7 28 28 1 38 28 30 0 3 13 7 28 13 7 28 30 28 3 28 8 3 0 28 7 3 1 20 28 28 28 28 7 0 28 3 7 13 1 0 38 28 29 8 28 6 8 28 0 28 28 7 28 29 28 8 5 4 5 2 2 37 2 2 2 7 42 37 2 37 6 2 4 2 26 2 2 37 2 42 6 2 2 42 2 6 2 17 42 42 2 42 5 42 6 5 26 2 42 2 2 42 42 6 2 37 4 2 2 2 6 5 2 37 6 40 2 5 42 42 2 6 25 5 37 6 42 25 42 37 2 6 37 37 2 42 2 2 5 2 2 2 2 2 4 4 4 5 37 37 40 2 6 42 42 2 21 39 39 31 21 31 39 21 31 39 39 31 39 39 39 39 21 31 21 39 39 21 39 21 39 39 21 39 31 39 39 21 39 39 21 31 33 39 39 31 39 31 33 22 12 39 31 31 32 21 39 31 31 39 21 39 31 0 21 39 31 32 21 39 33 33 22 31 39 21 39 3 31 32 31 21 39 39 21 31 39 31 31 32 39 39 39 39 31 39 39 39 39 31 31 39 31 39 39 39"
14,3,-0.7417,0.9600,0.7278,-0.4926,-0.3144,"20 0 13 29 18 1 3 8 9 38 3 6 1 9 38 39 19 3 40 10 13 3 10 3 1 1 6 33 4 13 32 13 2 38 38 9 1 0 13 21 0 1 12 0 34 1 22 1 13 36 29 38 3 40 15 20 14 0 0 38 31 0 0 13 3 0 19 41 11 0 5 3 18 0 26 1 24 8 3 27 35 12 11 3 29 16 38 0 38 41 39 17 1 11 24 21 41 3 3 0 3 9 12 12 3 11 9 9 9 9 9 0 10 11 11 9 21 12 3 9 9 22 9 22 10 9 12 11 0 11 9 9 19 9 41 9 0 9 9 11 9 9 11 3 11 41 10 9 0 38 41 9 9 22 1 3 0 30 41 22 3 11 12 10 9 10 41 3 9 11 9 41 9 10 9 9 10 9 9 19 10 9 13 9 3 11 0 11 40 41 41 41 38 41 11 22 0 9 9 0 28 30 7 8 38 1 0 3 28 1 3 28 28 28 7 3 0 13 0 38 28 33 7 8 28 8 30 28 28 38 38 28 38 28 28 2 13 28 7 28 28 13 3 29 38 7 28 28 1 38 28 30 0 3 13 7 28 13 7 28 30 28 3 28 8 3 0 28 7 3 1 20 28 28 28 28 7 0 28 3 7 13 1 0 38 28 29 8 28 6 8 28 0 28 28 7 28 29 28 8 5 4 5 2 2 37 2 2 2 7 42 37 2 37 6 2 4 2 26 2 2 37 2 42 6 2 2 42 2 6 2 17 42 42 2 42 5 42 6 5 26 2 42 2 2 42 42 6 2 37 4 2 2 2 6 5 2 37 6 40 2 5 42 42 2 6 25 5 37 6 42 25 42 37 2 6 37 37 2 42 2 2 5 2 2 2 2 2 4 4 4 5 37 37 40 2 6 42 42 2 21 39 39 31 21 31 39 21 31 39 39 31 39 39 39 39 21 31 21 39 39 21 39 21 39 39 21 39 31 39 39 21 39 39 21 31 33 39 39 31 39 31 33 22 12 39 31 31 32 21 39 31 31 39 21 39 31 0 21 39 31 32 21 39 33 33 22 31 39 21 39 3 31 32 31 21 39 39 21 31 39 31 31 32 39 39 39 39 31 39 39 39 39 31 31 39 31 39 39 39"
15,3,-0.7382,0.9615,0.7446,-0.4836,-0.3158,"20 0 13 29 18 1 3 8 9 38 3 6 1 9 38 39 19 3 40 10 13 3 10 3 1 1 6 33 4 13 32 13 2 38 38 9 1 0 13 21 0 1 12 0 34 1 22 1 13 36 29 38 3 40 15 20 14 0 0 38 31 0 0 13 3 0 19 41 11 0 5 3 18 0 26 1 24 8 3 27 35 12 11 3 29 16 38 0 38 41 39 17 1 11 24 21 41 3 3 0 3 9 12 12 3 11 9 9 9 9 9 0 10 11 11 9 21 12 3 9 9 22 9 22 10 9 12 11 0 11 9 9 19 9 41 9 0 9 9 11 9 9 11 3 11 41 10 9 0 38 41 9 9 22 1 3 0 30 41 22 3 11 12 10 9 10 41 3 9 11 9 41 9 10 9 9 10 9 9 19 10 9 13 9 3 11 0 11 40 41 41 41 38 41 11 22 0 9 9 0 28 30 7 8 38 1 0 3 28 1 3 28 28 28 7 3 0 13 0 38 28 33 7 8 28 8 30 28 28 38 38 28 38 28 28 2 13 28 7 28 28 13 3 29 38 7 28 28 1 38 28 30 0 3 13 7 28 13 7 28 30 28 3 28 8 3 0 28 7 3 1 20 28 28 28 28 7 0 28 3 7 13 1 0 38 28 29 8 28 6 8 28 0 28 28 7 28 29 28 8 5 4 5 2 2 37 2 2 2 7 42 37 2 37 6 2 4 2 26 2 2 37 2 42 6 2 2 42 2 6 2 17 42 42 2 42 5 42 6 5 26 2 42 2 2 42 42 6 2 37 4 2 2 2 6 5 2 37 6 40 2 5 42 42 2 6 25 5 37 6 42 25 42 37 2 6 37 37 2 42 2 2 5 2 2 2 2 2 4 4 4 5 37 37 40 2 6 42 42 2 21 39 39 31 21 31 39 21 31 39 39 31 39 39 39 39 21 31 21 39 39 21 39 21 39 39 21 39 31 39 39 21 39 39 21 31 33 39 39 31 39 31 33 22 12 39 31 31 32 21 39 31 31 39 21 39 31 0 21 39 31 32 21 39 33 33 22 31 39 21 39 3 31 32 31 21 39 39 21 31 39 31 31 32 39 39 39 39 31 39 39 39 39 31 31 39 31 39 39 39"
16,3,-0.7313,0.9583,0.7569,-0.4974,-0.3405,"20 0 13 29 18 1 3 8 9 38 3 6 1 9 38 39 19 3 40 10 13 3 10 3 1 1 6 33 4 13 32 13 2 38 38 9 1 0 13 21 0 1 12 0 34 1 22 1 13 36 29 38 3 40 15 20 14 0 0 38 31 0 0 13 3 0 19 41 11 0 5 3 18 0 26 1 24 8 3 27 35 12 11 3 29 16 38 0 38 41 39 17 1 11 24 21 41 3 3 0 3 9 12 12 3 11 9 9 9 9 9 0 10 11 11 9 21 12 3 9 9 22 9 22 10 9 12 11 0 11 9 9 19 9 41 9 0 9 9 11 9 9 11 3 11 41 10 9 0 38 41 9 9 22 1 3 0 30 41 22 3 11 12 10 9 10 41 3 9 11 9 41 9 10 9 9 10 9 9 19 10 9 13 9 3 11 0 11 40 41 41 41 38 41 11 22 0 9 9 0 28 30 7 8 38 1 0 3 28 1 3 28 28 28 7 3 0 13 0 38 28 33 7 8 28 8 30 28 28 38 38 28 38 28 28 2 13 28 7 28 28 13 3 29 38 7 28 28 1 38 28 30 0 3 13 7 28 13 7 28 30 28 3 28 8 3 0 28 7 3 1 20 28 28 28 28 7 0 28 3 7 13 1 0 38 28 29 8 28 6 8 28 0 28 28 7 28 29 28 8 5 4 5 2 2 37 2 2 2 7 42 37 2 37 6 2 4 2 26 2 2 37 2 42 6 2 2 42 2 6 2 17 42 42 2 42 5 42 6 5 26 2 42 2 2 42 42 6 2 37 4 2 2 2 6 5 2 37 6 40 2 5 42 42 2 6 25 5 37 6 42 25 42 37 2 6 37 37 2 42 2 2 5 2 2 2 2 2 4 4 4 5 37 37 40 2 6 42 42 2 21 39 39 31 21 31 39 21 31 39 39 31 39 39 39 39 21 31 21 39 39 21 39 21 39 39 21 39 31 39 39 21 39 39 21 31 33 39 39 31 39 31 33 22 12 39 31 31 32 21 39 31 31 39 21 39 31 0 21 39 31 32 21 39 33 33 22 31 39 21 39 3 31 32 31 21 39 39 21 31 39 31 31 32 39 39 39 39 31 39 39 39 39 31 31 39 31 39 39 39"
17,3,-0.7148,0.9167,0.6729,-0.4882,-0.3366,"20 0 13 29 18 1 3 8 9 38 3 6 1 9 38 39 19 3 40 10 13 3 10 3 1 1 6 33 4 13 32 13 2 38 38 9 1 0 13 21 0 1 12 0 34 1 22 1 13 36 29 38 3 40 15 20 14 0 0 38 31 0 0 13 3 0 19 41 11 0 5 3 18 0 26 1 24 8 3 27 35 12 11 3 29 16 38 0 38 41 39 17 1 11 24 21 41 3 3 0 3 9 12 12 3 11 9 9 9 9 9 0 10 11 11 9 21 12 3 9 9 22 9 22 10 9 12 11 0 11 9 9 19 9 41 9 0 9 9 11 9 9 11 3 11 41 10 9 0 38 41 9 9 22 1 3 0 30 41 22 3 11 12 10 9 10 41 3 9 11 9 41 9 10 9 9 10 9 9 19 10 9 13 9 3 11 0 11 40 41 41 41 38 41 11 22 0 9 9 0 28 30 7 8 38 1 0 3 28 1 3 28 28 28 7 3 0 13 0 38 28 33 7 8 28 8 30 28 28 38 38 28 38 28 28 2 13 28 7 28 28 13 3 29 38 7 28 28 1 38 28 30 0 3 13 7 28 13 7 28 30 28 3 28 8 3 0 28 7 3 1 20 28 28 28 28 7 0 28 3 7 13 1 0 38 28 29 8 28 6 8 28 0 28 28 7 28 29 28 8 5 4 5 2 2 37 2 2 2 7 42 37 2 37 6 2 4 2 26 2 2 37 2 42 6 2 2 42 2 6 2 17 42 42 2 42 5 42 6 5 26 2 42 2 2 42 42 6 2 37 4 2 2 2 6 5 2 37 6 40 2 5 42 42 2 6 25 5 37 6 42 25 42 37 2 6 37 37 2 42 2 2 5 2 2 2 2 2 4 4 4 5 37 37 40 2 6 42 42 2 21 39 39 31 21 31 39 21 31 39 39 31 39 39 39 39 21 31 21 39 39 21 39 21 39 39 21 39 31 39 39 21 39 39 21 31 33 39 39 31 39 31 33 22 12 39 31 31 32 21 39 31 31 39 21 39 31 0 21 39 31 32 21 39 33 33 22 31 39 21 39 3 31 32 31 21 39 39 21 31 39 31 31 32 39 39 39 39 31 39 39 39 39 31 31 39 31 39 39 39"
18,3,-0.7491,0.9697,0.7353,-0.4866,-0.3153,"20 0 13 29 18 1 3 8 9 38 3 6 1 9 38 39 19 3 40 10 13 3 10 3 1 1 6 33 4 13 32 13 2 38 38 9 1 0 13 21 0 1 12 0 34 1 22 1 13 36 29 38 3 40 15 20 14 0 0 38 31 0 0 13 3 0 19 41 11 0 5 3 18 0 26 1 24 8 3 27 35 12 11 3 29 16 38 0 38 41 39 17 1 11 24 21 41 3 3 0 3 9 12 12 3 11 9 9 9 9 9 0 10 11 11 9 21 12 3 9 9 22 9 22 10 9 12 11 0 11 9 9 19 9 41 9 0 9 9 11 9 9 11 3 11 41 10 9 0 38 41 9 9 22 1 3 0 30 41 22 3 11 12 10 9 10 41 3 9 11 9 41 9 10 9 9 10 9 9 19 10 9 13 9 3 11 0 11 40 41 41 41 38 41 11 22 0 9 9 0 28 30 7 8 38 1 0 3 28 1 3 28 28 28 7 3 0 13 0 38 28 33 7 8 28 8 30 28 28 38 38 28 38 28 28 2 13 28 7 28 28 13 3 29 38 7 28 28 1 38 28 30 0 3 13 7 28 13 7 28 30 28 3 28 8 3 0 28 7 3 1 20 28 28 28 28 7 0 28 3 7 13 1 0 38 28 29 8 28 6 8 28 0 28 28 7 28 29 28 8 5 4 5 2 2 37 2 2 2 7 42 37 2 37 6 2 4 2 26 2 2 37 2 42 6 2 2 42 2 6 2 17 42 42 2 42 5 42 6 5 26 2 42 2 2 42 42 6 2 37 4 2 2 2 6 5 2 37 6 40 2 5 42 42 2 6 25 5 37 6 42 25 42 37 2 6 37 37 2 42 2 2 5 2 2 2 2 2 4 4 4 5 37 37 40 2 6 42 42 2 21 39 39 31 21 31 39 21 31 39 39 31 39 39 39 39 21 31 21 39 39 21 39 21 39 39 21 39 31 39 39 21 39 39 21 31 33 39 39 31 39 31 33 22 12 39 31 31 32 21 39 31 31 39 21 39 31 0 21 39 31 32 21 39 33 33 22 31 39 21 39 3 31 32 31 21 39 39 21 31 39 31 31 32 39 39 39 39 31 39 39 39 39 31 31 39 31 39 39 39"
19,3,-0.7391,0.9583,0.7307,-0.5135,-0.3362,"20 0 13 29 18 1 3 8 9 38 3 6 1 9 38 39 19 3 40 10 13 3 10 3 1 1 6 33 4 13 32 13 2 38 38 9 1 0 13 21 0 1 12 0 34 1 22 1 13 36 29 38 3 40 15 20 14 0 0 38 31 0 0 13 3 0 19 41 11 0 5 3 18 0 26 1 24 8 3 27 35 12 11 3 29 16 38 0 38 41 39 17 1 11 24 21 41 3 3 0 3 9 12 12 3 11 9 9 9 9 9 0 10 11 11 9 21 12 3 9 9 22 9 22 10 9 12 11 0 11 9 9 19 9 41 9 0 9 9 11 9 9 11 3 11 41 10 9 0 38 41 9 9 22 1 3 0 30 41 22 3 11 12 10 9 10 41 3 9 11 9 41 9 10 9 9 10 9 9 19 10 9 13 9 3 11 0 11 40 41 41 41 38 41 11 22 0 9 9 0 28 30 7 8 38 1 0 3 28 1 3 28 28 28 7 3 0 13 0 38 28 33 7 8 28 8 30 28 28 38 38 28 38 28 28 2 13 28 7 28 28 13 3 29 38 7 28 28 1 38 28 30 0 3 13 7 28 13 7 28 30 28 3 28 8 3 0 28 7 3 1 20 28 28 28 28 7 0 28 3 7 13 1 0 38 28 29 8 28 6 8 28 0 28 28 7 28 29 28 8 5 4 5 2 2 37 2 2 2 7 42 37 2 37 6 2 4 2 26 2 2 37 2 42 6 2 2 42 2 6 2 17 42 42 2 42 5 42 6 5 26 2 42 2 2 42 42 6 2 37 4 2 2 2 6 5 2 37 6 40 2 5 42 42 2 6 25 5 37 6 42 25 42 37 2 6 37 37 2 42 2 2 5 2 2 2 2 2 4 4 4 5 37 37 40 2 6 42 42 2 21 39 39 31 21 31 39 21 31 39 39 31 39 39 39 39 21 31 21 39 39 21 39 21 39 39 21 39 31 39 39 21 39 39 21 31 33 39 39 31 39 31 33 22 12 39 31 31 32 21 39 31 31 39 21 39 31 0 21 39 31 32 21 39 33 33 22 31 39 21 39 3 31 32 31 21 39 39 21 31 39 31 31 32 39 39 39 39 31 39 39 39 39 31 31 39 31 39 39 39"
20,3,-0.7551,0.9565,0.6713,-0.5098,-0.3393,"20 0 13 29 18 1 3 8 9 38 3 6 1 9 38 39 19 3 40 10 13 3 10 3 1 1 6 33 4 13 32 13 2 38 38 9 1 0 13 21 0 1 12 0 34 1 22 1 13 36 29 38 3 40 15 20 14 0 0 38 31 0 0 13 3 0 19 41 11 0 5 3 18 0 26 1 24 8 3 27 35 12 11 3 29 16 38 0 38 41 39 17 1 11 24 21 41 3 3 0 3 9 12 12 3 11 9 9 9 9 9 0 10 11 11 9 21 12 3 9 9 22 9 22 10 9 12 11 0 11 9 9 19 9 41 9 0 9 9 11 9 9 11 3 11 41 10 9 0 38 41 9 9 22 1 3 0 30 41 22 3 11 12 10 9 10 41 3 9 11 9 41 9 10 9 9 10 9 9 19 10 9 13 9 3 11 0 11 40 41 41 41 38 41 11 22 0 9 9 0 28 30 7 8 38 1 0 3 28 1 3 28 28 28 7 3 0 13 0 38 28 33 7 8 28 8 30 28 28 38 38 28 38 28 28 2 13 28 7 28 28 13 3 29 38 7 28 28 1 38 28 30 0 3 13 7 28 13 7 28 30 28 3 28 8 3 0 28 7 3 1 20 28 28 28 28 7 0 28 3 7 13 1 0 38 28 29 8 28 6 8 28 0 28 28 7 28 29 28 8 5 4 5 2 2 37 2 2 2 7 42 37 2 37 6 2 4 2 26 2 2 37 2 42 6 2 2 42 2 6 2 17 42 42 2 42 5 42 6 5 26 2 42 2 2 42 42 6 2 37 4 2 2 2 6 5 2 37 6 40 2 5 42 42 2 6 25 5 37 6 42 25 42 37 2 6 37 37 2 42 2 2 5 2 2 2 2 2 4 4 4 5 37 37 40 2 6 42 42 2 21 39 39 31 21 31 39 21 31 39 39 31 39 39 39 39 21 31 21 39 39 21 39 21 39 39 21 39 31 39 39 21 39 39 21 31 33 39 39 31 39 31 33 22 12 39 31 31 32 21 39 31 31 39 21 39 31 0 21 39 31 32 21 39 33 33 22 31 39 21 39 3 31 32 31 21 39 39 21 31 39 31 31 32 39 39 39 39 31 39 39 39 39 31 31 39 31 39 39 39"
21,3,-0.7658,1.0000,0.7806,-0.4895,-0.3418,"20 0 13 29 18 1 3 8 9 38 3 6 1 9 38 39 19 3 40 10 13 3 10 3 1 1 6 33 4 13 32 13 2 38 38 9 1 0 13 21 0 1 12 0 34 1 22 1 13 36 29 38 3 40 15 20 14 0 0 38 31 0 0 13 3 0 19 41 11 0 5 3 18 0 26 1 24 8 3 27 35 12 11 3 29 16 38 0 38 41 39 17 1 11 24 21 41 3 3 0 3 9 12 12 3 11 9 9 9 9 9 0 10 11 11 9 21 12 3 9 9 22 9 22 10 9 12 11 0 11 9 9 19 9 41 9 0 9 9 11 9 9 11 3 11 41 10 9 0 38 41 9 9 22 1 3 0 30 41 22 3 11 12 10 9 10 41 3 9 11 9 41 9 10 9 9 10 9 9 19 10 9 13 9 3 11 0 11 40 41 41 41 38 41 11 22 0 9 9 0 28 30 7 8 38 1 0 3 28 1 3 28 28 28 7 3 0 13 0 38 28 33 7 8 28 8 30 28 28 38 38 28 38 28 28 2 13 28 7 28 28 13 3 29 38 7 28 28 1 38 28 30 0 3 13 7 28 13 7 28 30 28 3 28 8 3 0 28 7 3 1 20 28 28 28 28 7 0 28 3 7 13 1 0 38 28 29 8 28 6 8 28 0 28 28 7 28 29 28 8 5 4 5 2 2 37 2 2 2 7 42 37 2 37 6 2 4 2 26 2 2 37 2 42 6 2 2 42 2 6 2 17 42 42 2 42 5 42 6 5 26 2 42 2 2 42 42 6 2 37 4 2 2 2 6 5 2 37 6 40 2 5 42 42 2 6 25 5 37 6 42 25 42 37 2 6 37 37 2 42 2 2 5 2 2 2 2 2 4 4 4 5 37 37 40 2 6 42 42 2 21 39 39 31 21 31 39 21 31 39 39 31 39 39 39 39 21 31 21 39 39 21 39 21 39 39 21 39 31 39 39 21 39 39 21 31 33 39 39 31 39 31 33 22 12 39 31 31 32 21 39 31 31 39 21 39 31 0 21 39 31 32 21 39 33 33 22 31 39 21 39 3 31 32 31 21 39 39 21 31 39 31 31 32 39 39 39 39 31 39 39 39 39 31 31 39 31 39 39 39"
22,3,-0.7506,1.0000,0.8314,-0.4962,-0.3348,"20 0 13 29 18 1 3 8 9 38 3 6 1 9 38 39 19 3 40 10 13 3 10 3 1 1 6 33 4 13 32 13 2 38 38 9 1 0 13 21 0 1 12 0 34 1 22 1 13 36 29 38 3 40 15 20 14 0 0 38 31 0 0 13 3 0 19 41 11 0 5 3 18 0 26 1 24 8 3 27 35 12 11 3 29 16 38 0 38 41 39 17 1 11 24 21 41 3 3 0 3 9 12 12 3 11 9 9 9 9 9 0 10 11 11 9 21 12 3 9 9 22 9 22 10 9 12 11 0 11 9 9 19 9 41 9 0 9 9 11 9 9 11 3 11 41 10 9 0 38 41 9 9 22 1 3 0 30 41 22 3 11 12 10 9 10 41 3 9 11 9 41 9 10 9 9 10 9 9 19 10 9 13 9 3 11 0 11 40 41 41 41 38 41 11 22 0 9 9 0 28 30 7 8 38 1 0 3 28 1 3 28 28 28 7 3 0 13 0 38 28 33 7 8 28 8 30 28 28 38 38 28 38 28 28 2 13 28 7 28 28 13 3 29 38 7 28 28 1 38 28 30 0 3 13 7 28 13 7 28 30 28 3 28 8 3 0 28 7 3 1 20 28 28 28 28 7 0 28 3 7 13 1 0 38 28 29 8 28 6 8 28 0 28 28 7 28 29 28 8 5 4 5 2 2 37 2 2 2 7 42 37 2 37 6 2 4 2 26 2 2 37 2 42 6 2 2 42 2 6 2 17 42 42 2 42 5 42 6 5 26 2 42 2 2 42 42 6 2 37 4 2 2 2 6 5 2 37 6 40 2 5 42 42 2 6 25 5 37 6 42 25 42 37 2 6 37 37 2 42 2 2 5 2 2 2 2 2 4 4 4 5 37 37 40 2 6 42 42 2 21 39 39 31 21 31 39 21 31 39 39 31 39 39 39 39 21 31 21 39 39 21 39 21 39 39 21 39 31 39 39 21 39 39 21 31 33 39 39 31 39 31 33 22 12 39 31 31 32 21 39 31 31 39 21 39 31 0 21 39 31 32 21 39 33 33 22 31 39 21 39 3 31 32 31 21 39 39 21 31 39 31 31 32 39 39 39 39 31 39 39 39 39 31 31 39 31 39 39 39"
23,3,-0.7476,0.9524,0.6827,-0.5028,-0.3250,"20 0 13 29 18 1 3 8 9 38 3 6 1 9 38 39 19 3 40 10 13 3 10 3 1 1 6 33 4 13 32 13 2 38 38 9 1 0 13 21 0 1 12 0 34 1 22 1 13 36 29 38 3 40 15 20 14 0 0 38 31 0 0 13 3 0 19 41 11 0 5 3 18 0 26 1 24 8 3 27 35 12 11 3 29 16 38 0 38 41 39 17 1 11 24 21 41 3 3 0 3 9 12 12 3 11 9 9 9 9 9 0 10 11 11 9 21 12 3 9 9 22 9 22 10 9 12 11 0 11 9 9 19 9 41 9 0 9 9 11 9 9 11 3 11 41 10 9 0 38 41 9 9 22 1 3 0 30 41 22 3 11 12 10 9 10 41 3 9 11 9 41 9 10 9 9 10 9 9 19 10 9 13 9 3 11 0 11 40 41 41 41 38 41 11 22 0 9 9 0 28 30 7 8 38 1 0 3 28 1 3 28 28 28 7 3 0 13 0 38 28 33 7 8 28 8 30 28 28 38 38 28 38 28 28 2 13 28 7 28 28 13 3 29 38 7 28 28 1 38 28 30 0 3 13 7 28 13 7 28 30 28 3 28 8 3 0 28 7 3 1 20 28 28 28 28 7 0 28 3 7 13 1 0 38 28 29 8 28 6 8 28 0 28 28 7 28 29 28 8 5 4 5 2 2 37 2 2 2 7 42 37 2 37 6 2 4 2 26 2 2 37 2 42 6 2 2 42 2 6 2 17 42 42 2 42 5 42 6 5 26 2 42 2 2 42 42 6 2 37 4 2 2 2 6 5 2 37 6 40 2 5 42 42 2 6 25 5 37 6 42 25 42 37 2 6 37 37 2 42 2 2 5 2 2 2 2 2 4 4 4 5 37 37 40 2 6 42 42 2 21 39 39 31 21 31 39 21 31 39 39 31 39 39 39 39 21 31 21 39 39 21 39 21 39 39 21 39 31 39 39 21 39 39 21 31 33 39 39 31 39 31 33 22 12 39 31 31 32 21 39 31 31 39 21 39 31 0 21 39 31 32 21 39 33 33 22 31 39 21 39 3 31 32 31 21 39 39 21 31 39 31 31 32 39 39 39 39 31 39 39 39 39 31 31 39 31 39 39 39"
24,3,-0.7514,1.0000,0.8287,-0.4758,-0.2942,"20 0 13 29 18 1 3 8 9 38 3 6 1 9 38 39 19 3 40 10 13 3 10 3 1 1 6 33 4 13 32 13 2 38 38 9 1 0 13 21 0 1 12 0 34 1 22 1 13 36 29 38 3 40 15 20 14 0 0 38 31 0 0 13 3 0 19 41 11 0 5 3 18 0 26 1 24 8 3 27 35 12 11 3 29 16 38 0 38 41 39 17 1 11 24 21 41 3 3 0 3 9 12 12 3 11 9 9 9 9 9 0 10 11 11 9 21 12 3 9 9 22 9 22 10 9 12 11 0 11 9 9 19 9 41 9 0 9 9 11 9 9 11 3 11 41 10 9 0 38 41 9 9 22 1 3 0 30 41 22 3 11 12 10 9 10 41 3 9 11 9 41 9 10 9 9 10 9 9 19 10 9 13 9 3 11 0 11 40 41 41 41 38 41 11 22 0 9 9 0 28 30 7 8 38 1 0 3 28 1 3 28 28 28 7 3 0 13 0 38 28 33 7 8 28 8 30 28 28 38 38 28 38 28 28 2 13 28 7 28 28 13 3 29 38 7 28 28 1 38 28 30 0 3 13 7 28 13 7 28 30 28 3 28 8 3 0 28 7 3 1 20 28 28 28 28 7 0 28 3 7 13 1 0 38 28 29 8 28 6 8 28 0 28 28 7 28 29 28 8 5 4 5 2 2 37 2 2 2 7 42 37 2 37 6 2 4 2 26 2 2 37 2 42 6 2 2 42 2 6 2 17 42 42 2 42 5 42 6 5 26 2 42 2 2 42 42 6 2 37 4 2 2 2 6 5 2 37 6 40 2 5 42 42 2 6 25 5 37 6 42 25 42 37 2 6 37 37 2 42 2 2 5 2 2 2 2 2 4 4 4 5 37 37 40 2 6 42 42 2 21 39 39 31 21 31 39 21 31 39 39 31 39 39 39 39 21 31 21 39 39 21 39 21 39 39 21 39 31 39 39 21 39 39 21 31 33 39 39 31 39 31 33 22 12 39 31 31 32 21 39 31 31 39 21 39 31 0 21 39 31 32 21 39 33 33 22 31 39 21 39 3 31 32 31 21 39 39 21 31 39 31 31 32 39 39 39 39 31 39 39 39 39 31 31 39 31 39 39 39"
25,3,-0.6933,0.9600,0.8889,-0.4803,-0.3024,"20 0 13 29 18 1 3 8 9 38 3 6 1 9 38 39 19 3 40 10 13 3 10 3 1 1 6 33 4 13 32 13 2 38 38 9 1 0 13 21 0 1 12 0 34 1 22 1 13 36 29 38 3 40 15 20 14 0 0 38 31 0 0 13 3 0 19 41 11 0 5 3 18 0 26 1 24 8 3 27 35 12 11 3 29 16 38 0 38 41 39 17 1 11 24 21 41 3 3 0 3 9 12 12 3 11 9 9 9 9 9 0 10 11 11 9 21 12 3 9 9 22 9 22 10 9 12 11 0 11 9 9 19 9 41 9 0 9 9 11 9 9 11 3 11 41 10 9 0 38 41 9 9 22 1 3 0 30 41 22 3 11 12 10 9 10 41 3 9 11 9 41 9 10 9 9 10 9 9 19 10 9 13 9 3 11 0 11 40 41 41 41 38 41 11 22 0 9 9 0 28 30 7 8 38 1 0 3 28 1 3 28 28 28 7 3 0 13 0 38 28 33 7 8 28 8 30 28 28 38 38 28 38 28 28 2 13 28 7 28 28 13 3 29 38 7 28 28 1 38 28 30 0 3 13 7 28 13 7 28 30 28 3 28 8 3 0 28 7 3 1 20 28 28 28 28 7 0 28 3 7 13 1 0 38 28 29 8 28 6 8 28 0 28 28 7 28 29 28 8 5 4 5 2 2 37 2 2 2 7 42 37 2 37 6 2 4 2 26 2 2 37 2 42 6 2 2 42 2 6 2 17 42 42 2 42 5 42 6 5 26 2 42 2 2 42 42 6 2 37 4 2 2 2 6 5 2 37 6 40 2 5 42 42 2 6 25 5 37 6 42 25 42 37 2 6 37 37 2 42 2 2 5 2 2 2 2 2 4 4 4 5 37 37 40 2 6 42 42 2 21 39 39 31 21 31 39 21 31 39 39 31 39 39 39 39 21 31 21 39 39 21 39 21 39 39 21 39 31 39 39 21 39 39 21 31 33 39 39 31 39 31 33 22 12 39 31 31 32 21 39 31 31 39 21 39 31 0 21 39 31 32 21 39 33 33 22 31 39 21 39 3 31 32 31 21 39 39 21 31 39 31 31 32 39 39 39 39 31 39 39 39 39 31 31 39 31 39 39 39"
26,3,-0.7442,1.0000,0.8525,-0.4943,-0.3393,"20 0 13 29 18 1 3 8 9 38 3 6 1 9 38 39 19 3 40 10 13 3 10 3 1 1 6 33 4 13 32 13 2 38 38 9 1 0 13 21 0 1 12 0 34 1 22 1 13 36 29 38 3 40 15 20 14 0 0 38 31 0 0 13 3 0 19 41 11 0 5 3 18 0 26 1 24 8 3 27 35 12 11 3 29 16 38 0 38 41 39 17 1 11 24 21 41 3 3 0 3 9 12 12 3 11 9 9 9 9 9 0 10 11 11 9 21 12 3 9 9 22 9 22 10 9 12 11 0 11 9 9 19 9 41 9 0 9 9 11 9 9 11 3 11 41 10 9 0 38 41 9 9 22 1 3 0 30 41 22 3 11 12 10 9 10 41 3 9 11 9 41 9 10 9 9 10 9 9 19 10 9 13 9 3 11 0 11 40 41 41 41 38 41 11 22 0 9 9 0 28 30 7 8 38 1 0 3 28 1 3 28 28 28 7 3 0 13 0 38 28 33 7 8 28 8 30 28 28 38 38 28 38 28 28 2 13 28 7 28 28 13 3 29 38 7 28 28 1 38 28 30 0 3 13 7 28 13 7 28 30 28 3 28 8 3 0 28 7 3 1 20 28 28 28 28 7 0 28 3 7 13 1 0 38 28 29 8 28 6 8 28 0 28 28 7 28 29 28 8 5 4 5 2 2 37 2 2 2 7 42 37 2 37 6 2 4 2 26 2 2 37 2 42 6 2 2 42 2 6 2 17 42 42 2 42 5 42 6 5 26 2 42 2 2 42 42 6 2 37 4 2 2 2 6 5 2 37 6 40 2 5 42 42 2 6 25 5 37 6 42 25 42 37 2 6 37 37 2 42 2 2 5 2 2 2 2 2 4 4 4 5 37 37 40 2 6 42 42 2 21 39 39 31 21 31 39 21 31 39 39 31 39 39 39 39 21 31 21 39 39 21 39 21 39 39 21 39 31 39 39 21 39 39 21 31 33 39 39 31 39 31 33 22 12 39 31 31 32 21 39 31 31 39 21 39 31 0 21 39 31 32 21 39 33 33 22 31 39 21 39 3 31 32 31 21 39 39 21 31 39 31 31 32 39 39 39 39 31 39 39 39 39 31 31 39 31 39 39 39"
27,3,-0.7548,1.0000,0.8174,-0.5029,-0.3328,"20 0 13 29 18 1 3 8 9 38 3 6 1 9 38 39 19 3 40 10 13 3 10 3 1 1 6 33 4 13 32 13 2 38 38 9 1 0 13 21 0 1 12 0 34 1 22 1 13 36 29 38 3 40 15 20 14 0 0 38 31 0 0 13 3 0 19 41 11 0 5 3 18 0 26 1 24 8 3 27 35 12 11 3 29 16 38 0 38 41 39 17 1 11 24 21 41 3 3 0 3 9 12 12 3 11 9 9 9 9 9 0 10 11 11 9 21 12 3 9 9 22 9 22 10 9 12 11 0 11 9 9 19 9 41 9 0 9 9 11 9 9 11 3 11 41 10 9 0 38 41 9 9 22 1 3 0 30 41 22 3 11 12 10 9 10 41 3 9 11 9 41 9 10 9 9 10 9 9 19 10 9 13 9 3 11 0 11 40 41 41 41 38 41 11 22 0 9 9 0 28 30 7 8 38 1 0 3 28 1 3 28 28 28 7 3 0 13 0 38 28 33 7 8 28 8 30 28 28 38 38 28 38 28 28 2 13 28 7 28 28 13 3 29 38 7 28 28 1 38 28 30 0 3 13 7 28 13 7 28 30 28 3 28 8 3 0 28 7 3 1 20 28 28 28 28 7 0 28 3 7 13 1 0 38 28 29 8 28 6 8 28 0 28 28 7 28 29 28 8 5 4 5 2 2 37 2 2 2 7 42 37 2 37 6 2 4 2 26 2 2 37 2 42 6 2 2 42 2 6 2 17 42 42 2 42 5 42 6 5 26 2 42 2 2 42 42 6 2 37 4 2 2 2 6 5 2 37 6 40 2 5 42 42 2 6 25 5 37 6 42 25 42 37 2 6 37 37 2 42 2 2 5 2 2 2 2 2 4 4 4 5 37 37 40 2 6 42 42 2 21 39 39 31 21 31 39 21 31 39 39 31 39 39 39 39 21 31 21 39 39 21 39 21 39 39 21 39 31 39 39 21 39 39 21 31 33 39 39 31 39 31 33 22 12 39 31 31 32 21 39 31 31 39 21 39 31 0 21 39 31 32 21 39 33 33 22 31 39 21 39 3 31 32 31 21 39 39 21 31 39 31 31 32 39 39 39 39 31 39 39 39 39 31 31 39 31 39 39 39"
28,3,-0.7091,0.9565,0.8247,-0.5005,-0.3122,"20 0 13 29 18 1 3 8 9 38 3 6 1 9 38 39 19 3 40 10 13 3 10 3 1 1 6 33 4 13 32 13 2 38 38 9 1 0 13 21 0 1 12 0 34 1 22 1 13 36 29 38 3 40 15 20 14 0 0 38 31 0 0 13 3 0 19 41 11 0 5 3 18 0 26 1 24 8 3 27 35 12 11 3 29 16 38 0 38 41 39 17 1 11 24 21 41 3 3 0 3 9 12 12 3 11 9 9 9 9 9 0 10 11 11 9 21 12 3 9 9 22 9 22 10 9 12 11 0 11 9 9 19 9 41 9 0 9 9 11 9 9 11 3 11 41 10 9 0 38 41 9 9 22 1 3 0 30 41 22 3 11 12 10 9 10 41 3 9 11 9 41 9 10 9 9 10 9 9 19 10 9 13 9 3 11 0 11 40 41 41 41 38 41 11 22 0 9 9 0 28 30 7 8 38 1 0 3 28 1 3 28 28 28 7 3 0 13 0 38 28 33 7 8 28 8 30 28 28 38 38 28 38 28 28 2 13 28 7 28 28 13 3 29 38 7 28 28 1 38 28 30 0 3 13 7 28 13 7 28 30 28 3 28 8 3 0 28 7 3 1 20 28 28 28 28 7 0 28 3 7 13 1 0 38 28 29 8 28 6 8 28 0 28 28 7 28 29 28 8 5 4 5 2 2 37 2 2 2 7 42 37 2 37 6 2 4 2 26 2 2 37 2 42 6 2 2 42 2 6 2 17 42 42 2 42 5 42 6 5 26 2 42 2 2 42 42 6 2 37 4 2 2 2 6 5 2 37 6 40 2 5 42 42 2 6 25 5 37 6 42 25 42 37 2 6 37 37 2 42 2 2 5 2 2 2 2 2 4 4 4 5 37 37 40 2 6 42 42 2 21 39 39 31 21 31 39 21 31 39 39 31 39 39 39 39 21 31 21 39 39 21 39 21 39 39 21 39 31 39 39 21 39 39 21 31 33 39 39 31 39 31 33 22 12 39 31 31 32 21 39 31 31 39 21 39 31 0 21 39 31 32 21 39 33 33 22 31 39 21 39 3 31 32 31 21 39 39 21 31 39 31 31 32 39 39 39 39 31 39 39 39 39 31 31 39 31 39 39 39"
29,3,-0.7292,1.0000,0.9026,-0.4974,-0.3218,"20 0 13 29 18 1 3 8 9 38 3 6 1 9 38 39 19 3 40 10 13 3 10 3 1 1 6 33 4 13 32 13 2 38 38 9 1 0 13 21 0 1 12 0 34 1 22 1 13 36 29 38 3 40 15 20 14 0 0 38 31 0 0 13 3 0 19 41 11 0 5 3 18 0 26 1 24 8 3 27 35 12 11 3 29 16 38 0 38 41 39 17 1 11 24 21 41 3 3 0 3 9 12 12 3 11 9 9 9 9 9 0 10 11 11 9 21 12 3 9 9 22 9 22 10 9 12 11 0 11 9 9 19 9 41 9 0 9 9 11 9 9 11 3 11 41 10 9 0 38 41 9 9 22 1 3 0 30 41 22 3 11 12 10 9 10 41 3 9 11 9 41 9 10 9 9 10 9 9 19 10 9 13 9 3 11 0 11 40 41 41 41 38 41 11 22 0 9 9 0 28 30 7 8 38 1 0 3 28 1 3 28 28 28 7 3 0 13 0 38 28 33 7 8 28 8 30 28 28 38 38 28 38 28 28 2 13 28 7 28 28 13 3 29 38 7 28 28 1 38 28 30 0 3 13 7 28 13 7 28 30 28 3 28 8 3 0 28 7 3 1 20 28 28 28 28 7 0 28 3 7 13 1 0 38 28 29 8 28 6 8 28 0 28 28 7 28 29 28 8 5 4 5 2 2 37 2 2 2 7 42 37 2 37 6 2 4 2 26 2 2 37 2 42 6 2 2 42 2 6 2 17 42 42 2 42 5 42 6 5 26 2 42 2 2 42 42 6 2 37 4 2 2 2 6 5 2 37 6 40 2 5 42 42 2 6 25 5 37 6 42 25 42 37 2 6 37 37 2 42 2 2 5 2 2 2 2 2 4 4 4 5 37 37 40 2 6 42 42 2 21 39 39 31 21 31 39 21 31 39 39 31 39 39 39 39 21 31 21 39 39 21 39 21 39 39 21 39 31 39 39 21 39 39 21 31 33 39 39 31 39 31 33 22 12 39 31 31 32 21 39 31 31 39 21 39 31 0 21 39 31 32 21 39 33 33 22 31 39 21 39 3 31 32 31 21 39 39 21 31 39 31 31 32 39 39 39 39 31 39 39 39 39 31 31 39 31 39 39 39"
30,3,-0.6990,0.9583,0.8644,-0.4948,-0.3197,"20 0 13 29 18 1 3 8 9 38 3 6 1 9 38 39 19 3 40 10 13 3 10 3 1 1 6 33 4 13 32 13 2 38 38 9 1 0 13 21 0 1 12 0 34 1 22 1 13 36 29 38 3 40 15 20 14 0 0 38 31 0 0 13 3 0 19 41 11 0 5 3 18 0 26 1 24 8 3 27 35 12 11 3 29 16 38 0 38 41 39 17 1 11 24 21 41 3 3 0 3 9 12 12 3 11 9 9 9 9 9 0 10 11 11 9 21 12 3 9 9 22 9 22 10 9 12 11 0 11 9 9 19 9 41 9 0 9 9 11 9 9 11 3 11 41 10 9 0 38 41 9 9 22 1 3 0 30 41 22 3 11 12 10 9 10 41 3 9 11 9 41 9 10 9 9 10 9 9 19 10 9 13 9 3 11 0 11 40 41 41 41 38 41 11 22 0 9 9 0 28 30 7 8 38 1 0 3 28 1 3 28 28 28 7 3 0 13 0 38 28 33 7 8 28 8 30 28 28 38 38 28 38 28 28 2 13 28 7 28 28 13 3 29 38 7 28 28 1 38 28 30 0 3 13 7 28 13 7 28 30 28 3 28 8 3 0 28 7 3 1 20 28 28 28 28 7 0 28 3 7 13 1 0 38 28 29 8 28 6 8 28 0 28 28 7 28 29 28 8 5 4 5 2 2 37 2 2 2 7 42 37 2 37 6 2 4 2 26 2 2 37 2 42 6 2 2 42 2 6 2 17 42 42 2 42 5 42 6 5 26 2 42 2 2 42 42 6 2 37 4 2 2 2 6 5 2 37 6 40 2 5 42 42 2 6 25 5 37 6 42 25 42 37 2 6 37 37 2 42 2 2 5 2 2 2 2 2 4 4 4 5 37 37 40 2 6 42 42 2 21 39 39 31 21 31 39 21 31 39 39 31 39 39 39 39 21 31 21 39 39 21 39 21 39 39 21 39 31 39 39 21 39 39 21 31 33 39 39 31 39 31 33 22 12 39 31 31 32 21 39 31 31 39 21 39 31 0 21 39 31 32 21 39 33 33 22 31 39 21 39 3 31 32 31 21 39 39 21 31 39 31 31 32 39 39 39 39 31 39 39 39 39 31 31 39 31 39 39 39"
31,3,-0.7060,0.9545,0.8285,-0.5131,-0.3034,"20 0 13 29 18 1 3 8 9 38 3 6 1 9 38 39 19 3 40 10 13 3 10 3 1 1 6 33 4 13 32 13 2 38 38 9 1 0 13 21 0 1 12 0 34 1 22 1 13 36 29 38 3 40 15 20 14 0 0 38 31 0 0 13 3 0 19 41 11 0 5 3 18 0 26 1 24 8 3 27 35 12 11 3 29 16 38 0 38 41 39 17 1 11 24 21 41 3 3 0 3 9 12 12 3 11 9 9 9 9 9 0 10 11 11 9 21 12 3 9 9 22 9 22 10 9 12 11 0 11 9 9 19 9 41 9 0 9 9 11 9 9 11 3 11 41 10 9 0 38 41 9 9 22 1 3 0 30 41 22 3 11 12 10 9 10 41 3 9 11 9 41 9 10 9 9 10 9 9 19 10 9 13 9 3 11 0 11 40 41 41 41 38 41 11 22 0 9 9 0 28 30 7 8 38 1 0 3 28 1 3 28 28 28 7 3 0 13 0 38 28 33 7 8 28 8 30 28 28 38 38 28 38 28 28 2 13 28 7 28 28 13 3 29 38 7 28 28 1 38 28 30 0 3 13 7 28 13 7 28 30 28 3 28 8 3 0 28 7 3 1 20 28 28 28 28 7 0 28 3 7 13 1 0 38 28 29 8 28 6 8 28 0 28 28 7 28 29 28 8 5 4 5 2 2 37 2 2 2 7 42 37 2 37 6 2 4 2 26 2 2 37 2 42 6 2 2 42 2 6 2 17 42 42 2 42 5 42 6 5 26 2 42 2 2 42 42 6 2 37 4 2 2 2 6 5 2 37 6 40 2 5 42 42 2 6 25 5 37 6 42 25 42 37 2 6 37 37 2 42 2 2 5 2 2 2 2 2 4 4 4 5 37 37 40 2 6 42 42 2 21 39 39 31 21 31 39 21 31 39 39 31 39 39 39 39 21 31 21 39 39 21 39 21 39 39 21 39 31 39 39 21 39 39 21 31 33 39 39 31 39 31 33 22 12 39 31 31 32 21 39 31 31 39 21 39 31 0 21 39 31 32 21 39 33 33 22 31 39 21 39 3 31 32 31 21 39 39 21 31 39 31 31 32 39 39 39 39 31 39 39 39 39 31 31 39 31 39 39 39"
32,3,-0.7343,1.0000,0.8857,-0.5104,-0.3051,"20 0 13 29 18 1 3 8 9 38 3 6 1 9 38 39 19 3 40 10 13 3 10 3 1 1 6 33 4 13 32 13 2 38 38 9 1 0 13 21 0 1 12 0 34 1 22 1 13 36 29 38 3 40 15 20 14 0 0 38 31 0 0 13 3 0 19 41 11 0 5 3 18 0 26 1 24 8 3 27 35 12 11 3 29 16 38 0 38 41 39 17 1 11 24 21 41 3 3 0 3 9 12 12 3 11 9 9 9 9 9 0 10 11 11 9 21 12 3 9 9 22 9 22 10 9 12 11 0 11 9 9 19 9 41 9 0 9 9 11 9 9 11 3 11 41 10 9 0 38 41 9 9 22 1 3 0 30 41 22 3 11 12 10 9 10 41 3 9 11 9 41 9 10 9 9 10 9 9 19 10 9 13 9 3 11 0 11 40 41 41 41 38 41 11 22 0 9 9 0 28 30 7 8 38 1 0 3 28 1 3 28 28 28 7 3 0 13 0 38 28 33 7 8 28 8 30 28 28 38 38 28 38 28 28 2 13 28 7 28 28 13 3 29 38 7 28 28 1 38 28 30 0 3 13 7 28 13 7 28 30 28 3 28 8 3 0 28 7 3 1 20 28 28 28 28 7 0 28 3 7 13 1 0 38 28 29 8 28 6 8 28 0 28 28 7 28 29 28 8 5 4 5 2 2 37 2 2 2 7 42 37 2 37 6 2 4 2 26 2 2 37 2 42 6 2 2 42 2 6 2 17 42 42 2 42 5 42 6 5 26 2 42 2 2 42 42 6 2 37 4 2 2 2 6 5 2 37 6 40 2 5 42 42 2 6 25 5 37 6 42 25 42 37 2 6 37 37 2 42 2 2 5 2 2 2 2 2 4 4 4 5 37 37 40 2 6 42 42 2 21 39 39 31 21 31 39 21 31 39 39 31 39 39 39 39 21 31 21 39 39 21 39 21 39 39 21 39 31 39 39 21 39 39 21 31 33 39 39 31 39 31 33 22 12 39 31 31 32 21 39 31 31 39 21 39 31 0 21 39 31 32 21 39 33 33 22 31 39 21 39 3 31 32 31 21 39 39 21 31 39 31 31 32 39 39 39 39 31 39 39 39 39 31 31 39 31 39 39 39"
33,3,-0.7258,1.0000,0.9140,-0.4969,-0.3034,"20 0 13 29 18 1 3 8 9 38 3 6 1 9 38 39 19 3 40 10 13 3 10 3 1 1 6 33 4 13 32 13 2 38 38 9 1 0 13 21 0 1 12 0 34 1 22 1 13 36 29 38 3 40 15 20 14 0 0 38 31 0 0 13 3 0 19 41 11 0 5 3 18 0 26 1 24 8 3 27 35 12 11 3 29 16 38 0 38 41 39 17 1 11 24 21 41 3 3 0 3 9 12 12 3 11 9 9 9 9 9 0 10 11 11 9 21 12 3 9 9 22 9 22 10 9 12 11 0 11 9 9 19 9 41 9 0 9 9 11 9 9 11 3 11 41 10 9 0 38 41 9 9 22 1 3 0 30 41 22 3 11 12 10 9 10 41 3 9 11 9 41 9 10 9 9 10 9 9 19 10 9 13 9 3 11 0 11 40 41 41 41 38 41 11 22 0 9 9 0 28 30 7 8 38 1 0 3 28 1 3 28 28 28 7 3 0 13 0 38 28 33 7 8 28 8 30 28 28 38 38 28 38 28 28 2 13 28 7 28 28 13 3 29 38 7 28 28 1 38 28 30 0 3 13 7 28 13 7 28 30 28 3 28 8 3 0 28 7 3 1 20 28 28 28 28 7 0 28 3 7 13 1 0 38 28 29 8 28 6 8 28 0 28 28 7 28 29 28 8 5 4 5 2 2 37 2 2 2 7 42 37 2 37 6 2 4 2 26 2 2 37 2 42 6 2 2 42 2 6 2 17 42 42 2 42 5 42 6 5 26 2 42 2 2 42 42 6 2 37 4 2 2 2 6 5 2 37 6 40 2 5 42 42 2 6 25 5 37 6 42 25 42 37 2 6 37 37 2 42 2 2 5 2 2 2 2 2 4 4 4 5 37 37 40 2 6 42 42 2 21 39 39 31 21 31 39 21 31 39 39 31 39 39 39 39 21 31 21 39 39 21 39 21 39 39 21 39 31 39 39 21 39 39 21 31 33 39 39 31 39 31 33 22 12 39 31 31 32 21 39 31 31 39 21 39 31 0 21 39 31 32 21 39 33 33 22 31 39 21 39 3 31 32 31 21 39 39 21 31 39 31 31 32 39 39 39 39 31 39 39 39 39 31 31 39 31 39 39 39"
34,3,-0.7173,1.0000,0.9425,-0.5019,-0.3283,"20 0 13 29 18 1 3 8 9 38 3 6 1 9 38 39 19 3 40 10 13 3 10 3 1 1 6 33 4 13 32 13 2 38 38 9 1 0 13 21 0 1 12 0 34 1 22 1 13 36 29 38 3 40 15 20 14 0 0 38 31 0 0 13 3 0 19 41 11 0 5 3 18 0 26 1 24 8 3 27 35 12 11 3 29 16 38 0 38 41 39 17 1 11 24 21 41 3 3 0 3 9 12 12 3 11 9 9 9 9 9 0 10 11 11 9 21 12 3 9 9 22 9 22 10 9 12 11 0 11 9 9 19 9 41 9 0 9 9 11 9 9 11 3 11 41 10 9 0 38 41 9 9 22 1 3 0 30 41 22 3 11 12 10 9 10 41 3 9 11 9 41 9 10 9 9 10 9 9 19 10 9 13 9 3 11 0 11 40 41 41 41 38 41 11 22 0 9 9 0 28 30 7 8 38 1 0 3 28 1 3 28 28 28 7 3 0 13 0 38 28 33 7 8 28 8 30 28 28 38 38 28 38 28 28 2 13 28 7 28 28 13 3 29 38 7 28 28 1 38 28 30 0 3 13 7 28 13 7 28 30 28 3 28 8 3 0 28 7 3 1 20 28 28 28 28 7 0 28 3 7 13 1 0 38 28 29 8 28 6 8 28 0 28 28 7 28 29 28 8 5 4 5 2 2 37 2 2 2 7 42 37 2 37 6 2 4 2 26 2 2 37 2 42 6 2 2 42 2 6 2 17 42 42 2 42 5 42 6 5 26 2 42 2 2 42 42 6 2 37 4 2 2 2 6 5 2 37 6 40 2 5 42 42 2 6 25 5 37 6 42 25 42 37 2 6 37 37 2 42 2 2 5 2 2 2 2 2 4 4 4 5 37 37 40 2 6 42 42 2 21 39 39 31 21 31 39 21 31 39 39 31 39 39 39 39 21 31 21 39 39 21 39 21 39 39 21 39 31 39 39 21 39 39 21 31 33 39 39 31 39 31 33 22 12 39 31 31 32 21 39 31 31 39 21 39 31 0 21 39 31 32 21 39 33 33 22 31 39 21 39 3 31 32 31 21 39 39 21 31 39 31 31 32 39 39 39 39 31 39 39 39 39 31 31 39 31 39 39 39"
35,3,-0.7465,1.0000,0.8450,-0.5161,-0.3242,"20 0 13 29 18 1 3 8 9 38 3 6 1 9 38 39 19 3 40 10 13 3 10 3 1 1 6 33 4 13 32 13 2 38 38 9 1 0 13 21 0 1 12 0 34 1 22 1 13 36 29 38 3 40 15 20 14 0 0 38 31 0 0 13 3 0 19 41 11 0 5 3 18 0 26 1 24 8 3 27 35 12 11 3 29 16 38 0 38 41 39 17 1 11 24 21 41 3 3 0 3 9 12 12 3 11 9 9 9 9 9 0 10 11 11 9 21 12 3 9 9 22 9 22 10 9 12 11 0 11 9 9 19 9 41 9 0 9 9 11 9 9 11 3 11 41 10 9 0 38 41 9 9 22 1 3 0 30 41 22 3 11 12 10 9 10 41 3 9 11 9 41 9 10 9 9 10 9 9 19 10 9 13 9 3 11 0 11 40 41 41 41 38 41 11 22 0 9 9 0 28 30 7 8 38 1 0 3 28 1 3 28 28 28 7 3 0 13 0 38 28 33 7 8 28 8 30 28 28 38 38 28 38 28 28 2 13 28 7 28 28 13 3 29 38 7 28 28 1 38 28 30 0 3 13 7 28 13 7 28 30 28 3 28 8 3 0 28 7 3 1 20 28 28 28 28 7 0 28 3 7 13 1 0 38 28 29 8 28 6 8 28 0 28 28 7 28 29 28 8 5 4 5 2 2 37 2 2 2 7 42 37 2 37 6 2 4 2 26 2 2 37 2 42 6 2 2 42 2 6 2 17 42 42 2 42 5 42 6 5 26 2 42 2 2 42 42 6 2 37 4 2 2 2 6 5 2 37 6 40 2 5 42 42 2 6 25 5 37 6 42 25 42 37 2 6 37 37 2 42 2 2 5 2 2 2 2 2 4 4 4 5 37 37 40 2 6 42 42 2 21 39 39 31 21 31 39 21 31 39 39 31 39 39 39 39 21 31 21 39 39 21 39 21 39 39 21 39 31 39 39 21 39 39 21 31 33 39 39 31 39 31 33 22 12 39 31 31 32 21 39 31 31 39 21 39 31 0 21 39 31 32 21 39 33 33 22 31 39 21 39 3 31 32 31 21 39 39 21 31 39 31 31 32 39 39 39 39 31 39 39 39 39 31 31 39 31 39 39 39"
36,3,-0.7408,1.0000,0.8640,-0.5262,-0.3017,"20 0 13 29 18 1 3 8 9 38 3 6 1 9 38 39 19 3 40 10 13 3 10 3 1 1 6 33 4 13 32 13 2 38 38 9 1 0 13 21 0 1 12 0 34 1 22 1 13 36 29 38 3 40 15 20 14 0 0 38 31 0 0 13 3 0 19 41 11 0 5 3 18 0 26 1 24 8 3 27 35 12 11 3 29 16 38 0 38 41 39 17 1 11 24 21 41 3 3 0 3 9 12 12 3 11 9 9 9 9 9 0 10 11 11 9 21 12 3 9 9 22 9 22 10 9 12 11 0 11 9 9 19 9 41 9 0 9 9 11 9 9 11 3 11 41 10 9 0 38 41 9 9 22 1 3 0 30 41 22 3 11 12 10 9 10 41 3 9 11 9 41 9 10 9 9 10 9 9 19 10 9 13 9 3 11 0 11 40 41 41 41 38 41 11 22 0 9 9 0 28 30 7 8 38 1 0 3 28 1 3 28 28 28 7 3 0 13 0 38 28 33 7 8 28 8 30 28 28 38 38 28 38 28 28 2 13 28 7 28 28 13 3 29 38 7 28 28 1 38 28 30 0 3 13 7 28 13 7 28 30 28 3 28 8 3 0 28 7 3 1 20 28 28 28 28 7 0 28 3 7 13 1 0 38 28 29 8 28 6 8 28 0 28 28 7 28 29 28 8 5 4 5 2 2 37 2 2 2 7 42 37 2 37 6 2 4 2 26 2 2 37 2 42 6 2 2 42 2 6 2 17 42 42 2 42 5 42 6 5 26 2 42 2 2 42 42 6 2 37 4 2 2 2 6 5 2 37 6 40 2 5 42 42 2 6 25 5 37 6 42 25 42 37 2 6 37 37 2 42 2 2 5 2 2 2 2 2 4 4 4 5 37 37 40 2 6 42 42 2 21 39 39 31 21 31 39 21 31 39 39 31 39 39 39 39 21 31 21 39 39 21 39 21 39 39 21 39 31 39 39 21 39 39 21 31 33 39 39 31 39 31 33 22 12 39 31 31 32 21 39 31 31 39 21 39 31 0 21 39 31 32 21 39 33 33 22 31 39 21 39 3 31 32 31 21 39 39 21 31 39 31 31 32 39 39 39 39 31 39 39 39 39 31 31 39 31 39 39 39"
37,3,-0.7236,1.0000,0.9212,-0.4892,-0.3330,"20 0 13 29 18 1 3 8 9 38 3 6 1 9 38 39 19 3 40 10 13 3 10 3 1 1 6 33 4 13 32 13 2 38 38 9 1 0 13 21 0 1 12 0 34 1 22 1 13 36 29 38 3 40 15 20 14 0 0 38 31 0 0 13 3 0 19 41 11 0 5 3 18 0 26 1 24 8 3 27 35 12 11 3 29 16 38 0 38 41 39 17 1 11 24 21 41 3 3 0 3 9 12 12 3 11 9 9 9 9 9 0 10 11 11 9 21 12 3 9 9 22 9 22 10 9 12 11 0 11 9 9 19 9 41 9 0 9 9 11 9 9 11 3 11 41 10 9 0 38 41 9 9 22 1 3 0 30 41 22 3 11 12 10 9 10 41 3 9 11 9 41 9 10 9 9 10 9 9 19 10 9 13 9 3 11 0 11 40 41 41 41 38 41 11 22 0 9 9 0 28 30 7 8 38 1 0 3 28 1 3 28 28 28 7 3 0 13 0 38 28 33 7 8 28 8 30 28 28 38 38 28 38 28 28 2 13 28 7 28 28 13 3 29 38 7 28 28 1 38 28 30 0 3 13 7 28 13 7 28 30 28 3 28 8 3 0 28 7 3 1 20 28 28 28 28 7 0 28 3 7 13 1 0 38 28 29 8 28 6 8 28 0 28 28 7 28 29 28 8 5 4 5 2 2 37 2 2 2 7 42 37 2 37 6 2 4 2 26 2 2 37 2 42 6 2 2 42 2 6 2 17 42 42 2 42 5 42 6 5 26 2 42 2 2 42 42 6 2 37 4 2 2 2 6 5 2 37 6 40 2 5 42 42 2 6 25 5 37 6 42 25 42 37 2 6 37 37 2 42 2 2 5 2 2 2 2 2 4 4 4 5 37 37 40 2 6 42 42 2 21 39 39 31 21 31 39 21 31 39 39 31 39 39 39 39 21 31 21 39 39 21 39 21 39 39 21 39 31 39 39 21 39 39 21 31 33 39 39 31 39 31 33 22 12 39 31 31 32 21 39 31 31 39 21 39 31 0 21 39 31 32 21 39 33 33 22 31 39 21 39 3 31 32 31 21 39 39 21 31 39 31 31 32 39 39 39 39 31 39 39 39 39 31 31 39 31 39 39 39"
38,3,-0.7175,1.0000,0.9418,-0.4886,-0.3017,"20 0 13 29 18 1 3 8 9 38 3 6 1 9 38 39 19 3 40 10 13 3 10 3 1 1 6 33 4 13 32 13 2 38 38 9 1 0 13 21 0 1 12 0 34 1 22 1 13 36 29 38 3 40 15 20 14 0 0 38 31 0 0 13 3 0 19 41 11 0 5 3 18 0 26 1 24 8 3 27 35 12 11 3 29 16 38 0 38 41 39 17 1 11 24 21 41 3 3 0 3 9 12 12 3 11 9 9 9 9 9 0 10 11 11 9 21 12 3 9 9 22 9 22 10 9 12 11 0 11 9 9 19 9 41 9 0 9 9 11 9 9 11 3 11 41 10 9 0 38 41 9 9 22 1 3 0 30 41 22 3 11 12 10 9 10 41 3 9 11 9 41 9 10 9 9 10 9 9 19 10 9 13 9 3 11 0 11 40 41 41 41 38 41 11 22 0 9 9 0 28 30 7 8 38 1 0 3 28 1 3 28 28 28 7 3 0 13 0 38 28 33 7 8 28 8 30 28 28 38 38 28 38 28 28 2 13 28 7 28 28 13 3 29 38 7 28 28 1 38 28 30 0 3 13 7 28 13 7 28 30 28 3 28 8 3 0 28 7 3 1 20 28 28 28 28 7 0 28 3 7 13 1 0 38 28 29 8 28 6 8 28 0 28 28 7 28 29 28 8 5 4 5 2 2 37 2 2 2 7 42 37 2 37 6 2 4 2 26 2 2 37 2 42 6 2 2 42 2 6 2 17 42 42 2 42 5 42 6 5 26 2 42 2 2 42 42 6 2 37 4 2 2 2 6 5 2 37 6 40 2 5 42 42 2 6 25 5 37 6 42 25 42 37 2 6 37 37 2 42 2 2 5 2 2 2 2 2 4 4 4 5 37 37 40 2 6 42 42 2 21 39 39 31 21 31 39 21 31 39 39 31 39 39 39 39 21 31 21 39 39 21 39 21 39 39 21 39 31 39 39 21 39 39 21 31 33 39 39 31 39 31 33 22 12 39 31 31 32 21 39 31 31 39 21 39 31 0 21 39 31 32 21 39 33 33 22 31 39 21 39 3 31 32 31 21 39 39 21 31 39 31 31 32 39 39 39 39 31 39 39 39 39 31 31 39 31 39 39 39"
39,3,-0.7214,1.0000,0.9286,-0.5079,-0.3255,"20 0 13 29 18 1 3 8 9 38 3 6 1 9 38 39 19 3 40 10 13 3 10 3 1 1 6 33 4 13 32 13 2 38 38 9 1 0 13 21 0 1 12 0 34 1 22 1 13 36 29 38 3 40 15 20 14 0 0 38 31 0 0 13 3 0 19 41 11 0 5 3 18 0 26 1 24 8 3 27 35 12 11 3 29 16 38 0 38 41 39 17 1 11 24 21 41 3 3 0 3 9 12 12 3 11 9 9 9 9 9 0 10 11 11 9 21 12 3 9 9 22 9 22 10 9 12 11 0 11 9 9 19 9 41 9 0 9 9 11 9 9 11 3 11 41 10 9 0 38 41 9 9 22 1 3 0 30 41 22 3 11 12 10 9 10 41 3 9 11 9 41 9 10 9 9 10 9 9 19 10 9 13 9 3 11 0 11 40 41 41 41 38 41 11 22 0 9 9 0 28 30 7 8 38 1 0 3 28 1 3 28 28 28 7 3 0 13 0 38 28 33 7 8 28 8 30 28 28 38 38 28 38 28 28 2 13 28 7 28 28 13 3 29 38 7 28 28 1 38 28 30 0 3 13 7 28 13 7 28 30 28 3 28 8 3 0 28 7 3 1 20 28 28 28 28 7 0 28 3 7 13 1 0 38 28 29 8 28 6 8 28 0 28 28 7 28 29 28 8 5 4 5 2 2 37 2 2 2 7 42 37 2 37 6 2 4 2 26 2 2 37 2 42 6 2 2 42 2 6 2 17 42 42 2 42 5 42 6 5 26 2 42 2 2 42 42 6 2 37 4 2 2 2 6 5 2 37 6 40 2 5 42 42 2 6 25 5 37 6 42 25 42 37 2 6 37 37 2 42 2 2 5 2 2 2 2 2 4 4 4 5 37 37 40 2 6 42 42 2 21 39 39 31 21 31 39 21 31 39 39 31 39 39 39 39 21 31 21 39 39 21 39 21 39 39 21 39 31 39 39 21 39 39 21 31 33 39 39 31 39 31 33 22 12 39 31 31 32 21 39 31 31 39 21 39 31 0 21 39 31 32 21 39 33 33 22 31 39 21 39 3 31 32 31 21 39 39 21 31 39 31 31 32 39 39 39 39 31 39 39 39 39 31 31 39 31 39 39 39"
40,3,-0.7137,1.0000,0.9542,-0.4887,-0.3250,"20 0 13 29 18 1 3 8 9 38 3 6 1 9 38 39 19 3 40 10 13 3 10 3 1 1 6 33 4 13 32 13 2 38 38 9 1 0 13 21 0 1 12 0 34 1 22 1 13 36 29 38 3 40 15 20 14 0 0 38 31 0 0 13 3 0 19 41 11 0 5 3 18 0 26 1 24 8 3 27 35 12 11 3 29 16 38 0 38 41 39 17 1 11 24 21 41 3 3 0 3 9 12 12 3 11 9 9 9 9 9 0 10 11 11 9 21 12 3 9 9 22 9 22 10 9 12 11 0 11 9 9 19 9 41 9 0 9 9 11 9 9 11 3 11 41 10 9 0 38 41 9 9 22 1 3 0 30 41 22 3 11 12 10 9 10 41 3 9 11 9 41 9 10 9 9 10 9 9 19 10 9 13 9 3 11 0 11 40 41 41 41 38 41 11 22 0 9 9 0 28 30 7 8 38 1 0 3 28 1 3 28 28 28 7 3 0 13 0 38 28 33 7 8 28 8 30 28 28 38 38 28 38 28 28 2 13 28 7 28 28 13 3 29 38 7 28 28 1 38 28 30 0 3 13 7 28 13 7 28 30 28 3 28 8 3 0 28 7 3 1 20 28 28 28 28 7 0 28 3 7 13 1 0 38 28 29 8 28 6 8 28 0 28 28 7 28 29 28 8 5 4 5 2 2 37 2 2 2 7 42 37 2 37 6 2 4 2 26 2 2 37 2 42 6 2 2 42 2 6 2 17 42 42 2 42 5 42 6 5 26 2 42 2 2 42 42 6 2 37 4 2 2 2 6 5 2 37 6 40 2 5 42 42 2 6 25 5 37 6 42 25 42 37 2 6 37 37 2 42 2 2 5 2 2 2 2 2 4 4 4 5 37 37 40 2 6 42 42 2 21 39 39 31 21 31 39 21 31 39 39 31 39 39 39 39 21 31 21 39 39 21 39 21 39 39 21 39 31 39 39 21 39 39 21 31 33 39 39 31 39 31 33 22 12 39 31 31 32 21 39 31 31 39 21 39 31 0 21 39 31 32 21 39 33 33 22 31 39 21 39 3 31 32 31 21 39 39 21 31 39 31 31 32 39 39 39 39 31 39 39 39 39 31 31 39 31 39 39 39"
41,3,-0.7104,1.0000,0.9655,-0.4982,-0.3146,"20 0 13 29 18 1 3 8 9 38 3 6 1 9 38 39 19 3 40 10 13 3 10 3 1 1 6 33 4 13 32 13 2 38 38 9 1 0 13 21 0 1 12 0 34 1 22 1 13 36 29 38 3 40 15 20 14 0 0 38 31 0 0 13 3 0 19 41 11 0 5 3 18 0 26 1 24 8 3 27 35 12 11 3 29 16 38 0 38 41 39 17 1 11 24 21 41 3 3 0 3 9 12 12 3 11 9 9 9 9 9 0 10 11 11 9 21 12 3 9 9 22 9 22 10 9 12 11 0 11 9 9 19 9 41 9 0 9 9 11 9 9 11 3 11 41 10 9 0 38 41 9 9 22 1 3 0 30 41 22 3 11 12 10 9 10 41 3 9 11 9 41 9 10 9 9 10 9 9 19 10 9 13 9 3 11 0 11 40 41 41 41 38 41 11 22 0 9 9 0 28 30 7 8 38 1 0 3 28 1 3 28 28 28 7 3 0 13 0 38 28 33 7 8 28 8 30 28 28 38 38 28 38 28 28 2 13 28 7 28 28 13 3 29 38 7 28 28 1 38 28 30 0 3 13 7 28 13 7 28 30 28 3 28 8 3 0 28 7 3 1 20 28 28 28 28 7 0 28 3 7 13 1 0 38 28 29 8 28 6 8 28 0 28 28 7 28 29 28 8 5 4 5 2 2 37 2 2 2 7 42 37 2 37 6 2 4 2 26 2 2 37 2 42 6 2 2 42 2 6 2 17 42 42 2 42 5 42 6 5 26 2 42 2 2 42 42 6 2 37 4 2 2 2 6 5 2 37 6 40 2 5 42 42 2 6 25 5 37 6 42 25 42 37 2 6 37 37 2 42 2 2 5 2 2 2 2 2 4 4 4 5 37 37 40 2 6 42 42 2 21 39 39 31 21 31 39 21 31 39 39 31 39 39 39 39 21 31 21 39 39 21 39 21 39 39 21 39 31 39 39 21 39 39 21 31 33 39 39 31 39 31 33 22 12 39 31 31 32 21 39 31 31 39 21 39 31 0 21 39 31 32 21 39 33 33 22 31 39 21 39 3 31 32 31 21 39 39 21 31 39 31 31 32 39 39 39 39 31 39 39 39 39 31 31 39 31 39 39 39"
42,3,-0.7110,1.0000,0.9634,-0.4963,-0.2952,"20 0 13 29 18 1 3 8 9 38 3 6 1 9 38 39 19 3 40 10 13 3 10 3 1 1 6 33 4 13 32 13 2 38 38 9 1 0 13 21 0 1 12 0 34 1 22 1 13 36 29 38 3 40 15 20 14 0 0 38 31 0 0 13 3 0 19 41 11 0 5 3 18 0 26 1 24 8 3 27 35 12 11 3 29 16 38 0 38 41 39 17 1 11 24 21 41 3 3 0 3 9 12 12 3 11 9 9 9 9 9 0 10 11 11 9 21 12 3 9 9 22 9 22 10 9 12 11 0 11 9 9 19 9 41 9 0 9 9 11 9 9 11 3 11 41 10 9 0 38 41 9 9 22 1 3 0 30 41 22 3 11 12 10 9 10 41 3 9 11 9 41 9 10 9 9 10 9 9 19 10 9 13 9 3 11 0 11 40 41 41 41 38 41 11 22 0 9 9 0 28 30 7 8 38 1 0 3 28 1 3 28 28 28 7 3 0 13 0 38 28 33 7 8 28 8 30 28 28 38 38 28 38 28 28 2 13 28 7 28 28 13 3 29 38 7 28 28 1 38 28 30 0 3 13 7 28 13 7 28 30 28 3 28 8 3 0 28 7 3 1 20 28 28 28 28 7 0 28 3 7 13 1 0 38 28 29 8 28 6 8 28 0 28 28 7 28 29 28 8 5 4 5 2 2 37 2 2 2 7 42 37 2 37 6 2 4 2 26 2 2 37 2 42 6 2 2 42 2 6 2 17 42 42 2 42 5 42 6 5 26 2 42 2 2 42 42 6 2 37 4 2 2 2 6 5 2 37 6 40 2 5 42 42 2 6 25 5 37 6 42 25 42 37 2 6 37 37 2 42 2 2 5 2 2 2 2 2 4 4 4 5 37 37 40 2 6 42 42 2 21 39 39 31 21 31 39 21 31 39 39 31 39 39 39 39 21 31 21 39 39 21 39 21 39 39 21 39 31 39 39 21 39 39 21 31 33 39 39 31 39 31 33 22 12 39 31 31 32 21 39 31 31 39 21 39 31 0 21 39 31 32 21 39 33 33 22 31 39 21 39 3 31 32 31 21 39 39 21 31 39 31 31 32 39 39 39 39 31 39 39 39 39 31 31 39 31 39 39 39"
43,3,-0.7110,1.0000,0.9634,-0.5151,-0.3191,"20 0 13 29 18 1 3 8 9 38 3 6 1 9 38 39 19 3 40 10 13 3 10 3 1 1 6 33 4 13 32 13 2 38 38 9 1 0 13 21 0 1 12 0 34 1 22 1 13 36 29 38 3 40 15 20 14 0 0 38 31 0 0 13 3 0 19 41 11 0 5 3 18 0 26 1 24 8 3 27 35 12 11 3 29 16 38 0 38 41 39 17 1 11 24 21 41 3 3 0 3 9 12 12 3 11 9 9 9 9 9 0 10 11 11 9 21 12 3 9 9 22 9 22 10 9 12 11 0 11 9 9 19 9 41 9 0 9 9 11 9 9 11 3 11 41 10 9 0 38 41 9 9 22 1 3 0 30 41 22 3 11 12 10 9 10 41 3 9 11 9 41 9 10 9 9 10 9 9 19 10 9 13 9 3 11 0 11 40 41 41 41 38 41 11 22 0 9 9 0 28 30 7 8 38 1 0 3 28 1 3 28 28 28 7 3 0 13 0 38 28 33 7 8 28 8 30 28 28 38 38 28 38 28 28 2 13 28 7 28 28 13 3 29 38 7 28 28 1 38 28 30 0 3 13 7 28 13 7 28 30 28 3 28 8 3 0 28 7 3 1 20 28 28 28 28 7 0 28 3 7 13 1 0 38 28 29 8 28 6 8 28 0 28 28 7 28 29 28 8 5 4 5 2 2 37 2 2 2 7 42 37 2 37 6 2 4 2 26 2 2 37 2 42 6 2 2 42 2 6 2 17 42 42 2 42 5 42 6 5 26 2 42 2 2 42 42 6 2 37 4 2 2 2 6 5 2 37 6 40 2 5 42 42 2 6 25 5 37 6 42 25 42 37 2 6 37 37 2 42 2 2 5 2 2 2 2 2 4 4 4 5 37 37 40 2 6 42 42 2 21 39 39 31 21 31 39 21 31 39 39 31 39 39 39 39 21 31 21 39 39 21 39 21 39 39 21 39 31 39 39 21 39 39 21 31 33 39 39 31 39 31 33 22 12 39 31 31 32 21 39 31 31 39 21 39 31 0 21 39 31 32 21 39 33 33 22 31 39 21 39 3 31 32 31 21 39 39 21 31 39 31 31 32 39 39 39 39 31 39 39 39 39 31 31 39 31 39 39 39"
44,3,-0.7061,1.0000,0.9796,-0.4924,-0.3589,"20 0 13 29 18 1 3 8 9 38 3 6 1 9 38 39 19 3 40 10 13 3 10 3 1 1 6 33 4 13 32 13 2 38 38 9 1 0 13 21 0 1 12 0 34 1 22 1 13 36 29 38 3 40 15 20 14 0 0 38 31 0 0 13 3 0 19 41 11 0 5 3 18 0 26 1 24 8 3 27 35 12 11 3 29 16 38 0 38 41 39 17 1 11 24 21 41 3 3 0 3 9 12 12 3 11 9 9 9 9 9 0 10 11 11 9 21 12 3 9 9 22 9 22 10 9 12 11 0 11 9 9 19 9 41 9 0 9 9 11 9 9 11 3 11 41 10 9 0 38 41 9 9 22 1 3 0 30 41 22 3 11 12 10 9 10 41 3 9 11 9 41 9 10 9 9 10 9 9 19 10 9 13 9 3 11 0 11 40 41 41 41 38 41 11 22 0 9 9 0 28 30 7 8 38 1 0 3 28 1 3 28 28 28 7 3 0 13 0 38 28 33 7 8 28 8 30 28 28 38 38 28 38 28 28 2 13 28 7 28 28 13 3 29 38 7 28 28 1 38 28 30 0 3 13 7 28 13 7 28 30 28 3 28 8 3 0 28 7 3 1 20 28 28 28 28 7 0 28 3 7 13 1 0 38 28 29 8 28 6 8 28 0 28 28 7 28 29 28 8 5 4 5 2 2 37 2 2 2 7 42 37 2 37 6 2 4 2 26 2 2 37 2 42 6 2 2 42 2 6 2 17 42 42 2 42 5 42 6 5 26 2 42 2 2 42 42 6 2 37 4 2 2 2 6 5 2 37 6 40 2 5 42 42 2 6 25 5 37 6 42 25 42 37 2 6 37 37 2 42 2 2 5 2 2 2 2 2 4 4 4 5 37 37 40 2 6 42 42 2 21 39 39 31 21 31 39 21 31 39 39 31 39 39 39 39 21 31 21 39 39 21 39 21 39 39 21 39 31 39 39 21 39 39 21 31 33 39 39 31 39 31 33 22 12 39 31 31 32 21 39 31 31 39 21 39 31 0 21 39 31 32 21 39 33 33 22 31 39 21 39 3 31 32 31 21 39 39 21 31 39 31 31 32 39 39 39 39 31 39 39 39 39 31 31 39 31 39 39 39"
45,3,-0.7243,1.0000,0.9189,-0.5004,-0.2896,"20 0 13 29 18 1 3 8 9 38 3 6 1 9 38 39 19 3 40 10 13 3 10 3 1 1 6 33 4 13 32 13 2 38 38 9 1 0 13 21 0 1 12 0 34 1 22 1 13 36 29 38 3 40 15 20 14 0 0 38 31 0 0 13 3 0 19 41 11 0 5 3 18 0 26 1 24 8 3 27 35 12 11 3 29 16 38 0 38 41 39 17 1 11 24 21 41 3 3 0 3 9 12 12 3 11 9 9 9 9 9 0 10 11 11 9 21 12 3 9 9 22 9 22 10 9 12 11 0 11 9 9 19 9 41 9 0 9 9 11 9 9 11 3 11 41 10 9 0 38 41 9 9 22 1 3 0 30 41 22 3 11 12 10 9 10 41 3 9 11 9 41 9 10 9 9 10 9 9 19 10 9 13 9 3 11 0 11 40 41 41 41 38 41 11 22 0 9 9 0 28 30 7 8 38 1 0 3 28 1 3 28 28 28 7 3 0 13 0 38 28 33 7 8 28 8 30 28 28 38 38 28 38 28 28 2 13 28 7 28 28 13 3 29 38 7 28 28 1 38 28 30 0 3 13 7 28 13 7 28 30 28 3 28 8 3 0 28 7 3 1 20 28 28 28 28 7 0 28 3 7 13 1 0 38 28 29 8 28 6 8 28 0 28 28 7 28 29 28 8 5 4 5 2 2 37 2 2 2 7 42 37 2 37 6 2 4 2 26 2 2 37 2 42 6 2 2 42 2 6 2 17 42 42 2 42 5 42 6 5 26 2 42 2 2 42 42 6 2 37 4 2 2 2 6 5 2 37 6 40 2 5 42 42 2 6 25 5 37 6 42 25 42 37 2 6 37 37 2 42 2 2 5 2 2 2 2 2 4 4 4 5 37 37 40 2 6 42 42 2 21 39 39 31 21 31 39 21 31 39 39 31 39 39 39 39 21 31 21 39 39 21 39 21 39 39 21 39 31 39 39 21 39 39 21 31 33 39 39 31 39 31 33 22 12 39 31 31 32 21 39 31 31 39 21 39 31 0 21 39 31 32 21 39 33 33 22 31 39 21 39 3 31 32 31 21 39 39 21 31 39 31 31 32 39 39 39 39 31 39 39 39 39 31 31 39 31 39 39 39"
46,3,-0.7206,1.0000,0.9313,-0.4840,-0.3059,"20 0 13 29 18 1 3 8 9 38 3 6 1 9 38 39 19 3 40 10 13 3 10 3 1 1 6 33 4 13 32 13 2 38 38 9 1 0 13 21 0 1 12 0 34 1 22 1 13 36 29 38 3 40 15 20 14 0 0 38 31 0 0 13 3 0 19 41 11 0 5 3 18 0 26 1 24 8 3 27 35 12 11 3 29 16 38 0 38 41 39 17 1 11 24 21 41 3 3 0 3 9 12 12 3 11 9 9 9 9 9 0 10 11 11 9 21 12 3 9 9 22 9 22 10 9 12 11 0 11 9 9 19 9 41 9 0 9 9 11 9 9 11 3 11 41 10 9 0 38 41 9 9 22 1 3 0 30 41 22 3 11 12 10 9 10 41 3 9 11 9 41 9 10 9 9 10 9 9 19 10 9 13 9 3 11 0 11 40 41 41 41 38 41 11 22 0 9 9 0 28 30 7 8 38 1 0 3 28 1 3 28 28 28 7 3 0 13 0 38 28 33 7 8 28 8 30 28 28 38 38 28 38 28 28 2 13 28 7 28 28 13 3 29 38 7 28 28 1 38 28 30 0 3 13 7 28 13 7 28 30 28 3 28 8 3 0 28 7 3 1 20 28 28 28 28 7 0 28 3 7 13 1 0 38 28 29 8 28 6 8 28 0 28 28 7 28 29 28 8 5 4 5 2 2 37 2 2 2 7 42 37 2 37 6 2 4 2 26 2 2 37 2 42 6 2 2 42 2 6 2 17 42 42 2 42 5 42 6 5 26 2 42 2 2 42 42 6 2 37 4 2 2 2 6 5 2 37 6 40 2 5 42 42 2 6 25 5 37 6 42 25 42 37 2 6 37 37 2 42 2 2 5 2 2 2 2 2 4 4 4 5 37 37 40 2 6 42 42 2 21 39 39 31 21 31 39 21 31 39 39 31 39 39 39 39 21 31 21 39 39 21 39 21 39 39 21 39 31 39 39 21 39 39 21 31 33 39 39 31 39 31 33 22 12 39 31 31 32 21 39 31 31 39 21 39 31 0 21 39 31 32 21 39 33 33 22 31 39 21 39 3 31 32 31 21 39 39 21 31 39 31 31 32 39 39 39 39 31 39 39 39 39 31 31 39 31 39 39 39"
47,3,-0.7035,1.0000,0.9882,-0.5031,-0.3195,"20 0 13 29 18 1 3 8 9 38 3 6 1 9 38 39 19 3 40 10 13 3 10 3 1 1 6 33 4 13 32 13 2 38 38 9 1 0 13 21 0 1 12 0 34 1 22 1 13 36 29 38 3 40 15 20 14 0 0 38 31 0 0 13 3 0 19 41 11 0 5 3 18 0 26 1 24 8 3 27 35 12 11 3 29 16 38 0 38 41 39 17 1 11 24 21 41 3 3 0 3 9 12 12 3 11 9 9 9 9 9 0 10 11 11 9 21 12 3 9 9 22 9 22 10 9 12 11 0 11 9 9 19 9 41 9 0 9 9 11 9 9 11 3 11 41 10 9 0 38 41 9 9 22 1 3 0 30 41 22 3 11 12 10 9 10 41 3 9 11 9 41 9 10 9 9 10 9 9 19 10 9 13 9 3 11 0 11 40 41 41 41 38 41 11 22 0 9 9 0 28 30 7 8 38 1 0 3 28 1 3 28 28 28 7 3 0 13 0 38 28 33 7 8 28 8 30 28 28 38 38 28 38 28 28 2 13 28 7 28 28 13 3 29 38 7 28 28 1 38 28 30 0 3 13 7 28 13 7 28 30 28 3 28 8 3 0 28 7 3 1 20 28 28 28 28 7 0 28 3 7 13 1 0 38 28 29 8 28 6 8 28 0 28 28 7 28 29 28 8 5 4 5 2 2 37 2 2 2 7 42 37 2 37 6 2 4 2 26 2 2 37 2 42 6 2 2 42 2 6 2 17 42 42 2 42 5 42 6 5 26 2 42 2 2 42 42 6 2 37 4 2 2 2 6 5 2 37 6 40 2 5 42 42 2 6 25 5 37 6 42 25 42 37 2 6 37 37 2 42 2 2 5 2 2 2 2 2 4 4 4 5 37 37 40 2 6 42 42 2 21 39 39 31 21 31 39 21 31 39 39 31 39 39 39 39 21 31 21 39 39 21 39 21 39 39 21 39 31 39 39 21 39 39 21 31 33 39 39 31 39 31 33 22 12 39 31 31 32 21 39 31 31 39 21 39 31 0 21 39 31 32 21 39 33 33 22 31 39 21 39 3 31 32 31 21 39 39 21 31 39 31 31 32 39 39 39 39 31 39 39 39 39 31 31 39 31 39 39 39"
48,3,-0.7241,1.0000,0.9196,-0.5027,-0.3450,"20 0 13 29 18 1 3 8 9 38 3 6 1 9 38 39 19 3 40 10 13 3 10 3 1 1 6 33 4 13 32 13 2 38 38 9 1 0 13 21 0 1 12 0 34 1 22 1 13 36 29 38 3 40 15 20 14 0 0 38 31 0 0 13 3 0 19 41 11 0 5 3 18 0 26 1 24 8 3 27 35 12 11 3 29 16 38 0 38 41 39 17 1 11 24 21 41 3 3 0 3 9 12 12 3 11 9 9 9 9 9 0 10 11 11 9 21 12 3 9 9 22 9 22 10 9 12 11 0 11 9 9 19 9 41 9 0 9 9 11 9 9 11 3 11 41 10 9 0 38 41 9 9 22 1 3 0 30 41 22 3 11 12 10 9 10 41 3 9 11 9 41 9 10 9 9 10 9 9 19 10 9 13 9 3 11 0 11 40 41 41 41 38 41 11 22 0 9 9 0 28 30 7 8 38 1 0 3 28 1 3 28 28 28 7 3 0 13 0 38 28 33 7 8 28 8 30 28 28 38 38 28 38 28 28 2 13 28 7 28 28 13 3 29 38 7 28 28 1 38 28 30 0 3 13 7 28 13 7 28 30 28 3 28 8 3 0 28 7 3 1 20 28 28 28 28 7 0 28 3 7 13 1 0 38 28 29 8 28 6 8 28 0 28 28 7 28 29 28 8 5 4 5 2 2 37 2 2 2 7 42 37 2 37 6 2 4 2 26 2 2 37 2 42 6 2 2 42 2 6 2 17 42 42 2 42 5 42 6 5 26 2 42 2 2 42 42 6 2 37 4 2 2 2 6 5 2 37 6 40 2 5 42 42 2 6 25 5 37 6 42 25 42 37 2 6 37 37 2 42 2 2 5 2 2 2 2 2 4 4 4 5 37 37 40 2 6 42 42 2 21 39 39 31 21 31 39 21 31 39 39 31 39 39 39 39 21 31 21 39 39 21 39 21 39 39 21 39 31 39 39 21 39 39 21 31 33 39 39 31 39 31 33 22 12 39 31 31 32 21 39 31 31 39 21 39 31 0 21 39 31 32 21 39 33 33 22 31 39 21 39 3 31 32 31 21 39 39 21 31 39 31 31 32 39 39 39 39 31 39 39 39 39 31 31 39 31 39 39 39"
49,3,-0.6563,0.9545,0.9943,-0.5268,-0.3335,"20 0 13 29 18 1 3 8 9 38 3 6 1 9 38 39 19 3 40 10 13 3 10 3 1 1 6 33 4 13 32 13 2 38 38 9 1 0 13 21 0 1 12 0 34 1 22 1 13 36 29 38 3 40 15 20 14 0 0 38 31 0 0 13 3 0 19 41 11 0 5 3 18 0 26 1 24 8 3 27 35 12 11 3 29 16 38 0 38 41 39 17 1 11 24 21 41 3 3 0 3 9 12 12 3 11 9 9 9 9 9 0 10 11 11 9 21 12 3 9 9 22 9 22 10 9 12 11 0 11 9 9 19 9 41 9 0 9 9 11 9 9 11 3 11 41 10 9 0 38 41 9 9 22 1 3 0 30 41 22 3 11 12 10 9 10 41 3 9 11 9 41 9 10 9 9 10 9 9 19 10 9 13 9 3 11 0 11 40 41 41 41 38 41 11 22 0 9 9 0 28 30 7 8 38 1 0 3 28 1 3 28 28 28 7 3 0 13 0 38 28 33 7 8 28 8 30 28 28 38 38 28 38 28 28 2 13 28 7 28 28 13 3 29 38 7 28 28 1 38 28 30 0 3 13 7 28 13 7 28 30 28 3 28 8 3 0 28 7 3 1 20 28 28 28 28 7 0 28 3 7 13 1 0 38 28 29 8 28 6 8 28 0 28 28 7 28 29 28 8 5 4 5 2 2 37 2 2 2 7 42 37 2 37 6 2 4 2 26 2 2 37 2 42 6 2 2 42 2 6 2 17 42 42 2 42 5 42 6 5 26 2 42 2 2 42 42 6 2 37 4 2 2 2 6 5 2 37 6 40 2 5 42 42 2 6 25 5 37 6 42 25 42 37 2 6 37 37 2 42 2 2 5 2 2 2 2 2 4 4 4 5 37 37 40 2 6 42 42 2 21 39 39 31 21 31 39 21 31 39 39 31 39 39 39 39 21 31 21 39 39 21 39 21 39 39 21 39 31 39 39 21 39 39 21 31 33 39 39 31 39 31 33 22 12 39 31 31 32 21 39 31 31 39 21 39 31 0 21 39 31 32 21 39 33 33 22 31 39 21 39 3 31 32 31 21 39 39 21 31 39 31 31 32 39 39 39 39 31 39 39 39 39 31 31 39 31 39 39 39"
50,3,-0.7015,1.0000,0.9951,-0.5056,-0.2848,"20 0 13 29 18 1 3 8 9 38 3 6 1 9 38 39 19 3 40 10 13 3 10 3 1 1 6 33 4 13 32 13 2 38 38 9 1 0 13 21 0 1 12 0 34 1 22 1 13 36 29 38 3 40 15 20 14 0 0 38 31 0 0 13 3 0 19 41 11 0 5 3 18 0 26 1 24 8 3 27 35 12 11 3 29 16 38 0 38 41 39 17 1 11 24 21 41 3 3 0 3 9 12 12 3 11 9 9 9 9 9 0 10 11 11 9 21 12 3 9 9 22 9 22 10 9 12 11 0 11 9 9 19 9 41 9 0 9 9 11 9 9 11 3 11 41 10 9 0 38 41 9 9 22 1 3 0 30 41 22 3 11 12 10 9 10 41 3 9 11 9 41 9 10 9 9 10 9 9 19 10 9 13 9 3 11 0 11 40 41 41 41 38 41 11 22 0 9 9 0 28 30 7 8 38 1 0 3 28 1 3 28 28 28 7 3 0 13 0 38 28 33 7 8 28 8 30 28 28 38 38 28 38 28 28 2 13 28 7 28 28 13 3 29 38 7 28 28 1 38 28 30 0 3 13 7 28 13 7 28 30 28 3 28 8 3 0 28 7 3 1 20 28 28 28 28 7 0 28 3 7 13 1 0 38 28 29 8 28 6 8 28 0 28 28 7 28 29 28 8 5 4 5 2 2 37 2 2 2 7 42 37 2 37 6 2 4 2 26 2 2 37 2 42 6 2 2 42 2 6 2 17 42 42 2 42 5 42 6 5 26 2 42 2 2 42 42 6 2 37 4 2 2 2 6 5 2 37 6 40 2 5 42 42 2 6 25 5 37 6 42 25 42 37 2 6 37 37 2 42 2 2 5 2 2 2 2 2 4 4 4 5 37 37 40 2 6 42 42 2 21 39 39 31 21 31 39 21 31 39 39 31 39 39 39 39 21 31 21 39 39 21 39 21 39 39 21 39 31 39 39 21 39 39 21 31 33 39 39 31 39 31 33 22 12 39 31 31 32 21 39 31 31 39 21 39 31 0 21 39 31 32 21 39 33 33 22 31 39 21 39 3 31 32 31 21 39 39 21 31 39 31 31 32 39 39 39 39 31 39 39 39 39 31 31 39 31 39 39 39"
51,3,-0.7100,1.0000,0.9667,-0.4846,-0.3082,"20 0 13 29 18 1 3 8 9 38 3 6 1 9 38 39 19 3 40 10 13 3 10 3 1 1 6 33 4 13 32 13 2 38 38 9 1 0 13 21 0 1 12 0 34 1 22 1 13 36 29 38 3 40 15 20 14 0 0 38 31 0 0 13 3 0 19 41 11 0 5 3 18 0 26 1 24 8 3 27 35 12 11 3 29 16 38 0 38 41 39 17 1 11 24 21 41 3 3 0 3 9 12 12 3 11 9 9 9 9 9 0 10 11 11 9 21 12 3 9 9 22 9 22 10 9 12 11 0 11 9 9 19 9 41 9 0 9 9 11 9 9 11 3 11 41 10 9 0 38 41 9 9 22 1 3 0 30 41 22 3 11 12 10 9 10 41 3 9 11 9 41 9 10 9 9 10 9 9 19 10 9 13 9 3 11 0 11 40 41 41 41 38 41 11 22 0 9 9 0 28 30 7 8 38 1 0 3 28 1 3 28 28 28 7 3 0 13 0 38 28 33 7 8 28 8 30 28 28 38 38 28 38 28 28 2 13 28 7 28 28 13 3 29 38 7 28 28 1 38 28 30 0 3 13 7 28 13 7 28 30 28 3 28 8 3 0 28 7 3 1 20 28 28 28 28 7 0 28 3 7 13 1 0 38 28 29 8 28 6 8 28 0 28 28 7 28 29 28 8 5 4 5 2 2 37 2 2 2 7 42 37 2 37 6 2 4 2 26 2 2 37 2 42 6 2 2 42 2 6 2 17 42 42 2 42 5 42 6 5 26 2 42 2 2 42 42 6 2 37 4 2 2 2 6 5 2 37 6 40 2 5 42 42 2 6 25 5 37 6 42 25 42 37 2 6 37 37 2 42 2 2 5 2 2 2 2 2 4 4 4 5 37 37 40 2 6 42 42 2 21 39 39 31 21 31 39 21 31 39 39 31 39 39 39 39 21 31 21 39 39 21 39 21 39 39 21 39 31 39 39 21 39 39 21 31 33 39 39 31 39 31 33 22 12 39 31 31 32 21 39 31 31 39 21 39 31 0 21 39 31 32 21 39 33 33 22 31 39 21 39 3 31 32 31 21 39 39 21 31 39 31 31 32 39 39 39 39 31 39 39 39 39 31 31 39 31 39 39 39"
52,3,-0.7061,1.0000,0.9796,-0.5103,-0.3210,"20 0 13 29 18 1 3 8 9 38 3 6 1 9 38 39 19 3 40 10 13 3 10 3 1 1 6 33 4 13 32 13 2 38 38 9 1 0 13 21 0 1 12 0 34 1 22 1 13 36 29 38 3 40 15 20 14 0 0 38 31 0 0 13 3 0 19 41 11 0 5 3 18 0 26 1 24 8 3 27 35 12 11 3 29 16 38 0 38 41 39 17 1 11 24 21 41 3 3 0 3 9 12 12 3 11 9 9 9 9 9 0 10 11 11 9 21 12 3 9 9 22 9 22 10 9 12 11 0 11 9 9 19 9 41 9 0 9 9 11 9 9 11 3 11 41 10 9 0 38 41 9 9 22 1 3 0 30 41 22 3 11 12 10 9 10 41 3 9 11 9 41 9 10 9 9 10 9 9 19 10 9 13 9 3 11 0 11 40 41 41 41 38 41 11 22 0 9 9 0 28 30 7 8 38 1 0 3 28 1 3 28 28 28 7 3 0 13 0 38 28 33 7 8 28 8 30 28 28 38 38 28 38 28 28 2 13 28 7 28 28 13 3 29 38 7 28 28 1 38 28 30 0 3 13 7 28 13 7 28 30 28 3 28 8 3 0 28 7 3 1 20 28 28 28 28 7 0 28 3 7 13 1 0 38 28 29 8 28 6 8 28 0 28 28 7 28 29 28 8 5 4 5 2 2 37 2 2 2 7 42 37 2 37 6 2 4 2 26 2 2 37 2 42 6 2 2 42 2 6 2 17 42 42 2 42 5 42 6 5 26 2 42 2 2 42 42 6 2 37 4 2 2 2 6 5 2 37 6 40 2 5 42 42 2 6 25 5 37 6 42 25 42 37 2 6 37 37 2 42 2 2 5 2 2 2 2 2 4 4 4 5 37 37 40 2 6 42 42 2 21 39 39 31 21 31 39 21 31 39 39 31 39 39 39 39 21 31 21 39 39 21 39 21 39 39 21 39 31 39 39 21 39 39 21 31 33 39 39 31 39 31 33 22 12 39 31 31 32 21 39 31 31 39 21 39 31 0 21 39 31 32 21 39 33 33 22 31 39 21 39 3 31 32 31 21 39 39 21 31 39 31 31 32 39 39 39 39 31 39 39 39 39 31 31 39 31 39 39 39"
53,3,-0.7053,1.0000,0.9823,-0.5008,-0.3236,"20 0 13 29 18 1 3 8 9 38 3 6 1 9 38 39 19 3 40 10 13 3 10 3 1 1 6 33 4 13 32 13 2 38 38 9 1 0 13 21 0 1 12 0 34 1 22 1 13 36 29 38 3 40 15 20 14 0 0 38 31 0 0 13 3 0 19 41 11 0 5 3 18 0 26 1 24 8 3 27 35 12 11 3 29 16 38 0 38 41 39 17 1 11 24 21 41 3 3 0 3 9 12 12 3 11 9 9 9 9 9 0 10 11 11 9 21 12 3 9 9 22 9 22 10 9 12 11 0 11 9 9 19 9 41 9 0 9 9 11 9 9 11 3 11 41 10 9 0 38 41 9 9 22 1 3 0 30 41 22 3 11 12 10 9 10 41 3 9 11 9 41 9 10 9 9 10 9 9 19 10 9 13 9 3 11 0 11 40 41 41 41 38 41 11 22 0 9 9 0 28 30 7 8 38 1 0 3 28 1 3 28 28 28 7 3 0 13 0 38 28 33 7 8 28 8 30 28 28 38 38 28 38 28 28 2 13 28 7 28 28 13 3 29 38 7 28 28 1 38 28 30 0 3 13 7 28 13 7 28 30 28 3 28 8 3 0 28 7 3 1 20 28 28 28 28 7 0 28 3 7 13 1 0 38 28 29 8 28 6 8 28 0 28 28 7 28 29 28 8 5 4 5 2 2 37 2 2 2 7 42 37 2 37 6 2 4 2 26 2 2 37 2 42 6 2 2 42 2 6 2 17 42 42 2 42 5 42 6 5 26 2 42 2 2 42 42 6 2 37 4 2 2 2 6 5 2 37 6 40 2 5 42 42 2 6 25 5 37 6 42 25 42 37 2 6 37 37 2 42 2 2 5 2 2 2 2 2 4 4 4 5 37 37 40 2 6 42 42 2 21 39 39 31 21 31 39 21 31 39 39 31 39 39 39 39 21 31 21 39 39 21 39 21 39 39 21 39 31 39 39 21 39 39 21 31 33 39 39 31 39 31 33 22 12 39 31 31 32 21 39 31 31 39 21 39 31 0 21 39 31 32 21 39 33 33 22 31 39 21 39 3 31 32 31 21 39 39 21 31 39 31 31 32 39 39 39 39 31 39 39 39 39 31 31 39 31 39 39 39"
54,3,-0.6790,0.9600,0.9366,-0.5267,-0.2850,"20 0 13 29 18 1 3 8 9 38 3 6 1 9 38 39 19 3 40 10 13 3 10 3 1 1 6 33 4 13 32 13 2 38 38 9 1 0 13 21 0 1 12 0 34 1 22 1 13 36 29 38 3 40 15 20 14 0 0 38 31 0 0 13 3 0 19 41 11 0 5 3 18 0 26 1 24 8 3 27 35 12 11 3 29 16 38 0 38 41 39 17 1 11 24 21 41 3 3 0 3 9 12 12 3 11 9 9 9 9 9 0 10 11 11 9 21 12 3 9 9 22 9 22 10 9 12 11 0 11 9 9 19 9 41 9 0 9 9 11 9 9 11 3 11 41 10 9 0 38 41 9 9 22 1 3 0 30 41 22 3 11 12 10 9 10 41 3 9 11 9 41 9 10 9 9 10 9 9 19 10 9 13 9 3 11 0 11 40 41 41 41 38 41 11 22 0 9 9 0 28 30 7 8 38 1 0 3 28 1 3 28 28 28 7 3 0 13 0 38 28 33 7 8 28 8 30 28 28 38 38 28 38 28 28 2 13 28 7 28 28 13 3 29 38 7 28 28 1 38 28 30 0 3 13 7 28 13 7 28 30 28 3 28 8 3 0 28 7 3 1 20 28 28 28 28 7 0 28 3 7 13 1 0 38 28 29 8 28 6 8 28 0 28 28 7 28 29 28 8 5 4 5 2 2 37 2 2 2 7 42 37 2 37 6 2 4 2 26 2 2 37 2 42 6 2 2 42 2 6 2 17 42 42 2 42 5 42 6 5 26 2 42 2 2 42 42 6 2 37 4 2 2 2 6 5 2 37 6 40 2 5 42 42 2 6 25 5 37 6 42 25 42 37 2 6 37 37 2 42 2 2 5 2 2 2 2 2 4 4 4 5 37 37 40 2 6 42 42 2 21 39 39 31 21 31 39 21 31 39 39 31 39 39 39 39 21 31 21 39 39 21 39 21 39 39 21 39 31 39 39 21 39 39 21 31 33 39 39 31 39 31 33 22 12 39 31 31 32 21 39 31 31 39 21 39 31 0 21 39 31 32 21 39 33 33 22 31 39 21 39 3 31 32 31 21 39 39 21 31 39 31 31 32 39 39 39 39 31 39 39 39 39 31 31 39 31 39 39 39"
55,3,-0.7128,1.0000,0.9574,-0.5106,-0.3277,"20 0 13 29 18 1 3 8 9 38 3 6 1 9 38 39 19 3 40 10 13 3 10 3 1 1 6 33 4 13 32 13 2 38 38 9 1 0 13 21 0 1 12 0 34 1 22 1 13 36 29 38 3 40 15 20 14 0 0 38 31 0 0 13 3 0 19 41 11 0 5 3 18 0 26 1 24 8 3 27 35 12 11 3 29 16 38 0 38 41 39 17 1 11 24 21 41 3 3 0 3 9 12 12 3 11 9 9 9 9 9 0 10 11 11 9 21 12 3 9 9 22 9 22 10 9 12 11 0 11 9 9 19 9 41 9 0 9 9 11 9 9 11 3 11 41 10 9 0 38 41 9 9 22 1 3 0 30 41 22 3 11 12 10 9 10 41 3 9 11 9 41 9 10 9 9 10 9 9 19 10 9 13 9 3 11 0 11 40 41 41 41 38 41 11 22 0 9 9 0 28 30 7 8 38 1 0 3 28 1 3 28 28 28 7 3 0 13 0 38 28 33 7 8 28 8 30 28 28 38 38 28 38 28 28 2 13 28 7 28 28 13 3 29 38 7 28 28 1 38 28 30 0 3 13 7 28 13 7 28 30 28 3 28 8 3 0 28 7 3 1 20 28 28 28 28 7 0 28 3 7 13 1 0 38 28 29 8 28 6 8 28 0 28 28 7 28 29 28 8 5 4 5 2 2 37 2 2 2 7 42 37 2 37 6 2 4 2 26 2 2 37 2 42 6 2 2 42 2 6 2 17 42 42 2 42 5 42 6 5 26 2 42 2 2 42 42 6 2 37 4 2 2 2 6 5 2 37 6 40 2 5 42 42 2 6 25 5 37 6 42 25 42 37 2 6 37 37 2 42 2 2 5 2 2 2 2 2 4 4 4 5 37 37 40 2 6 42 42 2 21 39 39 31 21 31 39 21 31 39 39 31 39 39 39 39 21 31 21 39 39 21 39 21 39 39 21 39 31 39 39 21 39 39 21 31 33 39 39 31 39 31 33 22 12 39 31 31 32 21 39 31 31 39 21 39 31 0 21 39 31 32 21 39 33 33 22 31 39 21 39 3 31 32 31 21 39 39 21 31 39 31 31 32 39 39 39 39 31 39 39 39 39 31 31 39 31 39 39 39"
56,3,-0.7285,1.0000,0.9050,-0.4910,-0.3475,"20 0 13 29 18 1 3 8 9 38 3 6 1 9 38 39 19 3 40 10 13 3 10 3 1 1 6 33 4 13 32 13 2 38 38 9 1 0 13 21 0 1 12 0 34 1 22 1 13 36 29 38 3 40 15 20 14 0 0 38 31 0 0 13 3 0 19 41 11 0 5 3 18 0 26 1 24 8 3 27 35 12 11 3 29 16 38 0 38 41 39 17 1 11 24 21 41 3 3 0 3 9 12 12 3 11 9 9 9 9 9 0 10 11 11 9 21 12 3 9 9 22 9 22 10 9 12 11 0 11 9 9 19 9 41 9 0 9 9 11 9 9 11 3 11 41 10 9 0 38 41 9 9 22 1 3 0 30 41 22 3 11 12 10 9 10 41 3 9 11 9 41 9 10 9 9 10 9 9 19 10 9 13 9 3 11 0 11 40 41 41 41 38 41 11 22 0 9 9 0 28 30 7 8 38 1 0 3 28 1 3 28 28 28 7 3 0 13 0 38 28 33 7 8 28 8 30 28 28 38 38 28 38 28 28 2 13 28 7 28 28 13 3 29 38 7 28 28 1 38 28 30 0 3 13 7 28 13 7 28 30 28 3 28 8 3 0 28 7 3 1 20 28 28 28 28 7 0 28 3 7 13 1 0 38 28 29 8 28 6 8 28 0 28 28 7 28 29 28 8 5 4 5 2 2 37 2 2 2 7 42 37 2 37 6 2 4 2 26 2 2 37 2 42 6 2 2 42 2 6 2 17 42 42 2 42 5 42 6 5 26 2 42 2 2 42 42 6 2 37 4 2 2 2 6 5 2 37 6 40 2 5 42 42 2 6 25 5 37 6 42 25 42 37 2 6 37 37 2 42 2 2 5 2 2 2 2 2 4 4 4 5 37 37 40 2 6 42 42 2 21 39 39 31 21 31 39 21 31 39 39 31 39 39 39 39 21 31 21 39 39 21 39 21 39 39 21 39 31 39 39 21 39 39 21 31 33 39 39 31 39 31 33 22 12 39 31 31 32 21 39 31 31 39 21 39 31 0 21 39 31 32 21 39 33 33 22 31 39 21 39 3 31 32 31 21 39 39 21 31 39 31 31 32 39 39 39 39 31 39 39 39 39 31 31 39 31 39 39 39"
57,3,-0.7050,1.0000,0.9834,-0.5128,-0.3072,"20 0 13 29 18 1 3 8 9 38 3 6 1 9 38 39 19 3 40 10 13 3 10 3 1 1 6 33 4 13 32 13 2 38 38 9 1 0 13 21 0 1 12 0 34 1 22 1 13 36 29 38 3 40 15 20 14 0 0 38 31 0 0 13 3 0 19 41 11 0 5 3 18 0 26 1 24 8 3 27 35 12 11 3 29 16 38 0 38 41 39 17 1 11 24 21 41 3 3 0 3 9 12 12 3 11 9 9 9 9 9 0 10 11 11 9 21 12 3 9 9 22 9 22 10 9 12 11 0 11 9 9 19 9 41 9 0 9 9 11 9 9 11 3 11 41 10 9 0 38 41 9 9 22 1 3 0 30 41 22 3 11 12 10 9 10 41 3 9 11 9 41 9 10 9 9 10 9 9 19 10 9 13 9 3 11 0 11 40 41 41 41 38 41 11 22 0 9 9 0 28 30 7 8 38 1 0 3 28 1 3 28 28 28 7 3 0 13 0 38 28 33 7 8 28 8 30 28 28 38 38 28 38 28 28 2 13 28 7 28 28 13 3 29 38 7 28 28 1 38 28 30 0 3 13 7 28 13 7 28 30 28 3 28 8 3 0 28 7 3 1 20 28 28 28 28 7 0 28 3 7 13 1 0 38 28 29 8 28 6 8 28 0 28 28 7 28 29 28 8 5 4 5 2 2 37 2 2 2 7 42 37 2 37 6 2 4 2 26 2 2 37 2 42 6 2 2 42 2 6 2 17 42 42 2 42 5 42 6 5 26 2 42 2 2 42 42 6 2 37 4 2 2 2 6 5 2 37 6 40 2 5 42 42 2 6 25 5 37 6 42 25 42 37 2 6 37 37 2 42 2 2 5 2 2 2 2 2 4 4 4 5 37 37 40 2 6 42 42 2 21 39 39 31 21 31 39 21 31 39 39 31 39 39 39 39 21 31 21 39 39 21 39 21 39 39 21 39 31 39 39 21 39 39 21 31 33 39 39 31 39 31 33 22 12 39 31 31 32 21 39 31 31 39 21 39 31 0 21 39 31 32 21 39 33 33 22 31 39 21 39 3 31 32 31 21 39 39 21 31 39 31 31 32 39 39 39 39 31 39 39 39 39 31 31 39 31 39 39 39"
58,3,-0.7143,1.0000,0.9524,-0.5029,-0.3217,"20 0 13 29 18 1 3 8 9 38 3 6 1 9 38 39 19 3 40 10 13 3 10 3 1 1 6 33 4 13 32 13 2 38 38 9 1 0 13 21 0 1 12 0 34 1 22 1 13 36 29 38 3 40 15 20 14 0 0 38 31 0 0 13 3 0 19 41 11 0 5 3 18 0 26 1 24 8 3 27 35 12 11 3 29 16 38 0 38 41 39 17 1 11 24 21 41 3 3 0 3 9 12 12 3 11 9 9 9 9 9 0 10 11 11 9 21 12 3 9 9 22 9 22 10 9 12 11 0 11 9 9 19 9 41 9 0 9 9 11 9 9 11 3 11 41 10 9 0 38 41 9 9 22 1 3 0 30 41 22 3 11 12 10 9 10 41 3 9 11 9 41 9 10 9 9 10 9 9 19 10 9 13 9 3 11 0 11 40 41 41 41 38 41 11 22 0 9 9 0 28 30 7 8 38 1 0 3 28 1 3 28 28 28 7 3 0 13 0 38 28 33 7 8 28 8 30 28 28 38 38 28 38 28 28 2 13 28 7 28 28 13 3 29 38 7 28 28 1 38 28 30 0 3 13 7 28 13 7 28 30 28 3 28 8 3 0 28 7 3 1 20 28 28 28 28 7 0 28 3 7 13 1 0 38 28 29 8 28 6 8 28 0 28 28 7 28 29 28 8 5 4 5 2 2 37 2 2 2 7 42 37 2 37 6 2 4 2 26 2 2 37 2 42 6 2 2 42 2 6 2 17 42 42 2 42 5 42 6 5 26 2 42 2 2 42 42 6 2 37 4 2 2 2 6 5 2 37 6 40 2 5 42 42 2 6 25 5 37 6 42 25 42 37 2 6 37 37 2 42 2 2 5 2 2 2 2 2 4 4 4 5 37 37 40 2 6 42 42 2 21 39 39 31 21 31 39 21 31 39 39 31 39 39 39 39 21 31 21 39 39 21 39 21 39 39 21 39 31 39 39 21 39 39 21 31 33 39 39 31 39 31 33 22 12 39 31 31 32 21 39 31 31 39 21 39 31 0 21 39 31 32 21 39 33 33 22 31 39 21 39 3 31 32 31 21 39 39 21 31 39 31 31 32 39 39 39 39 31 39 39 39 39 31 31 39 31 39 39 39"
59,3,-0.7079,1.0000,0.9736,-0.5078,-0.3423,"20 0 13 29 18 1 3 8 9 38 3 6 1 9 38 39 19 3 40 10 13 3 10 3 1 1 6 33 4 13 32 13 2 38 38 9 1 0 13 21 0 1 12 0 34 1 22 1 13 36 29 38 3 40 15 20 14 0 0 38 31 0 0 13 3 0 19 41 11 0 5 3 18 0 26 1 24 8 3 27 35 12 11 3 29 16 38 0 38 41 39 17 1 11 24 21 41 3 3 0 3 9 12 12 3 11 9 9 9 9 9 0 10 11 11 9 21 12 3 9 9 22 9 22 10 9 12 11 0 11 9 9 19 9 41 9 0 9 9 11 9 9 11 3 11 41 10 9 0 38 41 9 9 22 1 3 0 30 41 22 3 11 12 10 9 10 41 3 9 11 9 41 9 10 9 9 10 9 9 19 10 9 13 9 3 11 0 11 40 41 41 41 38 41 11 22 0 9 9 0 28 30 7 8 38 1 0 3 28 1 3 28 28 28 7 3 0 13 0 38 28 33 7 8 28 8 30 28 28 38 38 28 38 28 28 2 13 28 7 28 28 13 3 29 38 7 28 28 1 38 28 30 0 3 13 7 28 13 7 28 30 28 3 28 8 3 0 28 7 3 1 20 28 28 28 28 7 0 28 3 7 13 1 0 38 28 29 8 28 6 8 28 0 28 28 7 28 29 28 8 5 4 5 2 2 37 2 2 2 7 42 37 2 37 6 2 4 2 26 2 2 37 2 42 6 2 2 42 2 6 2 17 42 42 2 42 5 42 6 5 26 2 42 2 2 42 42 6 2 37 4 2 2 2 6 5 2 37 6 40 2 5 42 42 2 6 25 5 37 6 42 25 42 37 2 6 37 37 2 42 2 2 5 2 2 2 2 2 4 4 4 5 37 37 40 2 6 42 42 2 21 39 39 31 21 31 39 21 31 39 39 31 39 39 39 39 21 31 21 39 39 21 39 21 39 39 21 39 31 39 39 21 39 39 21 31 33 39 39 31 39 31 33 22 12 39 31 31 32 21 39 31 31 39 21 39 31 0 21 39 31 32 21 39 33 33 22 31 39 21 39 3 31 32 31 21 39 39 21 31 39 31 31 32 39 39 39 39 31 39 39 39 39 31 31 39 31 39 39 39"
60,3,-0.7035,1.0000,0.9882,-0.4847,-0.2714,"20 0 13 29 18 1 3 8 9 38 3 6 1 9 38 39 19 3 40 10 13 3 10 3 1 1 6 33 4 13 32 13 2 38 38 9 1 0 13 21 0 1 12 0 34 1 22 1 13 36 29 38 3 40 15 20 14 0 0 38 31 0 0 13 3 0 19 41 11 0 5 3 18 0 26 1 24 8 3 27 35 12 11 3 29 16 38 0 38 41 39 17 1 11 24 21 41 3 3 0 3 9 12 12 3 11 9 9 9 9 9 0 10 11 11 9 21 12 3 9 9 22 9 22 10 9 12 11 0 11 9 9 19 9 41 9 0 9 9 11 9 9 11 3 11 41 10 9 0 38 41 9 9 22 1 3 0 30 41 22 3 11 12 10 9 10 41 3 9 11 9 41 9 10 9 9 10 9 9 19 10 9 13 9 3 11 0 11 40 41 41 41 38 41 11 22 0 9 9 0 28 30 7 8 38 1 0 3 28 1 3 28 28 28 7 3 0 13 0 38 28 33 7 8 28 8 30 28 28 38 38 28 38 28 28 2 13 28 7 28 28 13 3 29 38 7 28 28 1 38 28 30 0 3 13 7 28 13 7 28 30 28 3 28 8 3 0 28 7 3 1 20 28 28 28 28 7 0 28 3 7 13 1 0 38 28 29 8 28 6 8 28 0 28 28 7 28 29 28 8 5 4 5 2 2 37 2 2 2 7 42 37 2 37 6 2 4 2 26 2 2 37 2 42 6 2 2 42 2 6 2 17 42 42 2 42 5 42 6 5 26 2 42 2 2 42 42 6 2 37 4 2 2 2 6 5 2 37 6 40 2 5 42 42 2 6 25 5 37 6 42 25 42 37 2 6 37 37 2 42 2 2 5 2 2 2 2 2 4 4 4 5 37 37 40 2 6 42 42 2 21 39 39 31 21 31 39 21 31 39 39 31 39 39 39 39 21 31 21 39 39 21 39 21 39 39 21 39 31 39 39 21 39 39 21 31 33 39 39 31 39 31 33 22 12 39 31 31 32 21 39 31 31 39 21 39 31 0 21 39 31 32 21 39 33 33 22 31 39 21 39 3 31 32 31 21 39 39 21 31 39 31 31 32 39 39 39 39 31 39 39 39 39 31 31 39 31 39 39 39"
61,3,-0.7030,1.0000,0.9900,-0.4971,-0.3073,"20 0 13 29 18 1 3 8 9 38 3 6 1 9 38 39 19 3 40 10 13 3 10 3 1 1 6 33 4 13 32 13 2 38 38 9 1 0 13 21 0 1 12 0 34 1 22 1 13 36 29 38 3 40 15 20 14 0 0 38 31 0 0 13 3 0 19 41 11 0 5 3 18 0 26 1 24 8 3 27 35 12 11 3 29 16 38 0 38 41 39 17 1 11 24 21 41 3 3 0 3 9 12 12 3 11 9 9 9 9 9 0 10 11 11 9 21 12 3 9 9 22 9 22 10 9 12 11 0 11 9 9 19 9 41 9 0 9 9 11 9 9 11 3 11 41 10 9 0 38 41 9 9 22 1 3 0 30 41 22 3 11 12 10 9 10 41 3 9 11 9 41 9 10 9 9 10 9 9 19 10 9 13 9 3 11 0 11 40 41 41 41 38 41 11 22 0 9 9 0 28 30 7 8 38 1 0 3 28 1 3 28 28 28 7 3 0 13 0 38 28 33 7 8 28 8 30 28 28 38 38 28 38 28 28 2 13 28 7 28 28 13 3 29 38 7 28 28 1 38 28 30 0 3 13 7 28 13 7 28 30 28 3 28 8 3 0 28 7 3 1 20 28 28 28 28 7 0 28 3 7 13 1 0 38 28 29 8 28 6 8 28 0 28 28 7 28 29 28 8 5 4 5 2 2 37 2 2 2 7 42 37 2 37 6 2 4 2 26 2 2 37 2 42 6 2 2 42 2 6 2 17 42 42 2 42 5 42 6 5 26 2 42 2 2 42 42 6 2 37 4 2 2 2 6 5 2 37 6 40 2 5 42 42 2 6 25 5 37 6 42 25 42 37 2 6 37 37 2 42 2 2 5 2 2 2 2 2 4 4 4 5 37 37 40 2 6 42 42 2 21 39 39 31 21 31 39 21 31 39 39 31 39 39 39 39 21 31 21 39 39 21 39 21 39 39 21 39 31 39 39 21 39 39 21 31 33 39 39 31 39 31 33 22 12 39 31 31 32 21 39 31 31 39 21 39 31 0 21 39 31 32 21 39 33 33 22 31 39 21 39 3 31 32 31 21 39 39 21 31 39 31 31 32 39 39 39 39 31 39 39 39 39 31 31 39 31 39 39 39"
62,3,-0.7104,1.0000,0.9653,-0.5143,-0.3180,"20 0 13 29 18 1 3 8 9 38 3 6 1 9 38 39 19 3 40 10 13 3 10 3 1 1 6 33 4 13 32 13 2 38 38 9 1 0 13 21 0 1 12 0 34 1 22 1 13 36 29 38 3 40 15 20 14 0 0 38 31 0 0 13 3 0 19 41 11 0 5 3 18 0 26 1 24 8 3 27 35 12 11 3 29 16 38 0 38 41 39 17 1 11 24 21 41 3 3 0 3 9 12 12 3 11 9 9 9 9 9 0 10 11 11 9 21 12 3 9 9 22 9 22 10 9 12 11 0 11 9 9 19 9 41 9 0 9 9 11 9 9 11 3 11 41 10 9 0 38 41 9 9 22 1 3 0 30 41 22 3 11 12 10 9 10 41 3 9 11 9 41 9 10 9 9 10 9 9 19 10 9 13 9 3 11 0 11 40 41 41 41 38 41 11 22 0 9 9 0 28 30 7 8 38 1 0 3 28 1 3 28 28 28 7 3 0 13 0 38 28 33 7 8 28 8 30 28 28 38 38 28 38 28 28 2 13 28 7 28 28 13 3 29 38 7 28 28 1 38 28 30 0 3 13 7 28 13 7 28 30 28 3 28 8 3 0 28 7 3 1 20 28 28 28 28 7 0 28 3 7 13 1 0 38 28 29 8 28 6 8 28 0 28 28 7 28 29 28 8 5 4 5 2 2 37 2 2 2 7 42 37 2 37 6 2 4 2 26 2 2 37 2 42 6 2 2 42 2 6 2 17 42 42 2 42 5 42 6 5 26 2 42 2 2 42 42 6 2 37 4 2 2 2 6 5 2 37 6 40 2 5 42 42 2 6 25 5 37 6 42 25 42 37 2 6 37 37 2 42 2 2 5 2 2 2 2 2 4 4 4 5 37 37 40 2 6 42 42 2 21 39 39 31 21 31 39 21 31 39 39 31 39 39 39 39 21 31 21 39 39 21 39 21 39 39 21 39 31 39 39 21 39 39 21 31 33 39 39 31 39 31 33 22 12 39 31 31 32 21 39 31 31 39 21 39 31 0 21 39 31 32 21 39 33 33 22 31 39 21 39 3 31 32 31 21 39 39 21 31 39 31 31 32 39 39 39 39 31 39 39 39 39 31 31 39 31 39 39 39"
63,3,-0.7027,1.0000,0.9911,-0.5085,-0.3950,"20 0 13 29 18 1 3 8 9 38 3 6 1 9 38 39 19 3 40 10 13 3 10 3 1 1 6 33 4 13 32 13 2 38 38 9 1 0 13 21 0 1 12 0 34 1 22 1 13 36 29 38 3 40 15 20 14 0 0 38 31 0 0 13 3 0 19 41 11 0 5 3 18 0 26 1 24 8 3 27 35 12 11 3 29 16 38 0 38 41 39 17 1 11 24 21 41 3 3 0 3 9 12 12 3 11 9 9 9 9 9 0 10 11 11 9 21 12 3 9 9 22 9 22 10 9 12 11 0 11 9 9 19 9 41 9 0 9 9 11 9 9 11 3 11 41 10 9 0 38 41 9 9 22 1 3 0 30 41 22 3 11 12 10 9 10 41 3 9 11 9 41 9 10 9 9 10 9 9 19 10 9 13 9 3 11 0 11 40 41 41 41 38 41 11 22 0 9 9 0 28 30 7 8 38 1 0 3 28 1 3 28 28 28 7 3 0 13 0 38 28 33 7 8 28 8 30 28 28 38 38 28 38 28 28 2 13 28 7 28 28 13 3 29 38 7 28 28 1 38 28 30 0 3 13 7 28 13 7 28 30 28 3 28 8 3 0 28 7 3 1 20 28 28 28 28 7 0 28 3 7 13 1 0 38 28 29 8 28 6 8 28 0 28 28 7 28 29 28 8 5 4 5 2 2 37 2 2 2 7 42 37 2 37 6 2 4 2 26 2 2 37 2 42 6 2 2 42 2 6 2 17 42 42 2 42 5 42 6 5 26 2 42 2 2 42 42 6 2 37 4 2 2 2 6 5 2 37 6 40 2 5 42 42 2 6 25 5 37 6 42 25 42 37 2 6 37 37 2 42 2 2 5 2 2 2 2 2 4 4 4 5 37 37 40 2 6 42 42 2 21 39 39 31 21 31 39 21 31 39 39 31 39 39 39 39 21 31 21 39 39 21 39 21 39 39 21 39 31 39 39 21 39 39 21 31 33 39 39 31 39 31 33 22 12 39 31 31 32 21 39 31 31 39 21 39 31 0 21 39 31 32 21 39 33 33 22 31 39 21 39 3 31 32 31 21 39 39 21 31 39 31 31 32 39 39 39 39 31 39 39 39 39 31 31 39 31 39 39 39"
64,3,-0.7350,1.0000,0.8833,-0.5017,-0.3458,"20 0 13 29 18 1 3 8 9 38 3 6 1 9 38 39 19 3 40 10 13 3 10 3 1 1 6 33 4 13 32 13 2 38 38 9 1 0 13 21 0 1 12 0 34 1 22 1 13 36 29 38 3 40 15 20 14 0 0 38 31 0 0 13 3 0 19 41 11 0 5 3 18 0 26 1 24 8 3 27 35 12 11 3 29 16 38 0 38 41 39 17 1 11 24 21 41 3 3 0 3 9 12 12 3 11 9 9 9 9 9 0 10 11 11 9 21 12 3 9 9 22 9 22 10 9 12 11 0 11 9 9 19 9 41 9 0 9 9 11 9 9 11 3 11 41 10 9 0 38 41 9 9 22 1 3 0 30 41 22 3 11 12 10 9 10 41 3 9 11 9 41 9 10 9 9 10 9 9 19 10 9 13 9 3 11 0 11 40 41 41 41 38 41 11 22 0 9 9 0 28 30 7 8 38 1 0 3 28 1 3 28 28 28 7 3 0 13 0 38 28 33 7 8 28 8 30 28 28 38 38 28 38 28 28 2 13 28 7 28 28 13 3 29 38 7 28 28 1 38 28 30 0 3 13 7 28 13 7 28 30 28 3 28 8 3 0 28 7 3 1 20 28 28 28 28 7 0 28 3 7 13 1 0 38 28 29 8 28 6 8 28 0 28 28 7 28 29 28 8 5 4 5 2 2 37 2 2 2 7 42 37 2 37 6 2 4 2 26 2 2 37 2 42 6 2 2 42 2 6 2 17 42 42 2 42 5 42 6 5 26 2 42 2 2 42 42 6 2 37 4 2 2 2 6 5 2 37 6 40 2 5 42 42 2 6 25 5 37 6 42 25 42 37 2 6 37 37 2 42 2 2 5 2 2 2 2 2 4 4 4 5 37 37 40 2 6 42 42 2 21 39 39 31 21 31 39 21 31 39 39 31 39 39 39 39 21 31 21 39 39 21 39 21 39 39 21 39 31 39 39 21 39 39 21 31 33 39 39 31 39 31 33 22 12 39 31 31 32 21 39 31 31 39 21 39 31 0 21 39 31 32 21 39 33 33 22 31 39 21 39 3 31 32 31 21 39 39 21 31 39 31 31 32 39 39 39 39 31 39 39 39 39 31 31 39 31 39 39 39"
65,3,-0.7027,1.0000,0.9910,-0.4812,-0.3727,"20 0 13 29 18 1 3 8 9 38 3 6 1 9 38 39 19 3 40 10 13 3 10 3 1 1 6 33 4 13 32 13 2 38 38 9 1 0 13 21 0 1 12 0 34 1 22 1 13 36 29 38 3 40 15 20 14 0 0 38 31 0 0 13 3 0 19 41 11 0 5 3 18 0 26 1 24 8 3 27 35 12 11 3 29 16 38 0 38 41 39 17 1 11 24 21 41 3 3 0 3 9 12 12 3 11 9 9 9 9 9 0 10 11 11 9 21 12 3 9 9 22 9 22 10 9 12 11 0 11 9 9 19 9 41 9 0 9 9 11 9 9 11 3 11 41 10 9 0 38 41 9 9 22 1 3 0 30 41 22 3 11 12 10 9 10 41 3 9 11 9 41 9 10 9 9 10 9 9 19 10 9 13 9 3 11 0 11 40 41 41 41 38 41 11 22 0 9 9 0 28 30 7 8 38 1 0 3 28 1 3 28 28 28 7 3 0 13 0 38 28 33 7 8 28 8 30 28 28 38 38 28 38 28 28 2 13 28 7 28 28 13 3 29 38 7 28 28 1 38 28 30 0 3 13 7 28 13 7 28 30 28 3 28 8 3 0 28 7 3 1 20 28 28 28 28 7 0 28 3 7 13 1 0 38 28 29 8 28 6 8 28 0 28 28 7 28 29 28 8 5 4 5 2 2 37 2 2 2 7 42 37 2 37 6 2 4 2 26 2 2 37 2 42 6 2 2 42 2 6 2 17 42 42 2 42 5 42 6 5 26 2 42 2 2 42 42 6 2 37 4 2 2 2 6 5 2 37 6 40 2 5 42 42 2 6 25 5 37 6 42 25 42 37 2 6 37 37 2 42 2 2 5 2 2 2 2 2 4 4 4 5 37 37 40 2 6 42 42 2 21 39 39 31 21 31 39 21 31 39 39 31 39 39 39 39 21 31 21 39 39 21 39 21 39 39 21 39 31 39 39 21 39 39 21 31 33 39 39 31 39 31 33 22 12 39 31 31 32 21 39 31 31 39 21 39 31 0 21 39 31 32 21 39 33 33 22 31 39 21 39 3 31 32 31 21 39 39 21 31 39 31 31 32 39 39 39 39 31 39 39 39 39 31 31 39 31 39 39 39"
66,3,-0.7047,1.0000,0.9845,-0.4640,-0.3250,"20 0 13 29 18 1 3 8 9 38 3 6 1 9 38 39 19 3 40 10 13 3 10 3 1 1 6 33 4 13 32 13 2 38 38 9 1 0 13 21 0 1 12 0 34 1 22 1 13 36 29 38 3 40 15 20 14 0 0 38 31 0 0 13 3 0 19 41 11 0 5 3 18 0 26 1 24 8 3 27 35 12 11 3 29 16 38 0 38 41 39 17 1 11 24 21 41 3 3 0 3 9 12 12 3 11 9 9 9 9 9 0 10 11 11 9 21 12 3 9 9 22 9 22 10 9 12 11 0 11 9 9 19 9 41 9 0 9 9 11 9 9 11 3 11 41 10 9 0 38 41 9 9 22 1 3 0 30 41 22 3 11 12 10 9 10 41 3 9 11 9 41 9 10 9 9 10 9 9 19 10 9 13 9 3 11 0 11 40 41 41 41 38 41 11 22 0 9 9 0 28 30 7 8 38 1 0 3 28 1 3 28 28 28 7 3 0 13 0 38 28 33 7 8 28 8 30 28 28 38 38 28 38 28 28 2 13 28 7 28 28 13 3 29 38 7 28 28 1 38 28 30 0 3 13 7 28 13 7 28 30 28 3 28 8 3 0 28 7 3 1 20 28 28 28 28 7 0 28 3 7 13 1 0 38 28 29 8 28 6 8 28 0 28 28 7 28 29 28 8 5 4 5 2 2 37 2 2 2 7 42 37 2 37 6 2 4 2 26 2 2 37 2 42 6 2 2 42 2 6 2 17 42 42 2 42 5 42 6 5 26 2 42 2 2 42 42 6 2 37 4 2 2 2 6 5 2 37 6 40 2 5 42 42 2 6 25 5 37 6 42 25 42 37 2 6 37 37 2 42 2 2 5 2 2 2 2 2 4 4 4 5 37 37 40 2 6 42 42 2 21 39 39 31 21 31 39 21 31 39 39 31 39 39 39 39 21 31 21 39 39 21 39 21 39 39 21 39 31 39 39 21 39 39 21 31 33 39 39 31 39 31 33 22 12 39 31 31 32 21 39 31 31 39 21 39 31 0 21 39 31 32 21 39 33 33 22 31 39 21 39 3 31 32 31 21 39 39 21 31 39 31 31 32 39 39 39 39 31 39 39 39 39 31 31 39 31 39 39 39"
67,3,-0.7089,1.0000,0.9703,-0.4578,-0.3250,"20 0 13 29 18 1 3 8 9 38 3 6 1 9 38 39 19 3 40 10 13 3 10 3 1 1 6 33 4 13 32 13 2 38 38 9 1 0 13 21 0 1 12 0 34 1 22 1 13 36 29 38 3 40 15 20 14 0 0 38 31 0 0 13 3 0 19 41 11 0 5 3 18 0 26 1 24 8 3 27 35 12 11 3 29 16 38 0 38 41 39 17 1 11 24 21 41 3 3 0 3 9 12 12 3 11 9 9 9 9 9 0 10 11 11 9 21 12 3 9 9 22 9 22 10 9 12 11 0 11 9 9 19 9 41 9 0 9 9 11 9 9 11 3 11 41 10 9 0 38 41 9 9 22 1 3 0 30 41 22 3 11 12 10 9 10 41 3 9 11 9 41 9 10 9 9 10 9 9 19 10 9 13 9 3 11 0 11 40 41 41 41 38 41 11 22 0 9 9 0 28 30 7 8 38 1 0 3 28 1 3 28 28 28 7 3 0 13 0 38 28 33 7 8 28 8 30 28 28 38 38 28 38 28 28 2 13 28 7 28 28 13 3 29 38 7 28 28 1 38 28 30 0 3 13 7 28 13 7 28 30 28 3 28 8 3 0 28 7 3 1 20 28 28 28 28 7 0 28 3 7 13 1 0 38 28 29 8 28 6 8 28 0 28 28 7 28 29 28 8 5 4 5 2 2 37 2 2 2 7 42 37 2 37 6 2 4 2 26 2 2 37 2 42 6 2 2 42 2 6 2 17 42 42 2 42 5 42 6 5 26 2 42 2 2 42 42 6 2 37 4 2 2 2 6 5 2 37 6 40 2 5 42 42 2 6 25 5 37 6 42 25 42 37 2 6 37 37 2 42 2 2 5 2 2 2 2 2 4 4 4 5 37 37 40 2 6 42 42 2 21 39 39 31 21 31 39 21 31 39 39 31 39 39 39 39 21 31 21 39 39 21 39 21 39 39 21 39 31 39 39 21 39 39 21 31 33 39 39 31 39 31 33 22 12 39 31 31 32 21 39 31 31 39 21 39 31 0 21 39 31 32 21 39 33 33 22 31 39 21 39 3 31 32 31 21 39 39 21 31 39 31 31 32 39 39 39 39 31 39 39 39 39 31 31 39 31 39 39 39"
68,3,-0.7222,1.0000,0.9261,-0.4647,-0.3001,"20 0 13 29 18 1 3 8 9 38 3 6 1 9 38 39 19 3 40 10 13 3 10 3 1 1 6 33 4 13 32 13 2 38 38 9 1 0 13 21 0 1 12 0 34 1 22 1 13 36 29 38 3 40 15 20 14 0 0 38 31 0 0 13 3 0 19 41 11 0 5 3 18 0 26 1 24 8 3 27 35 12 11 3 29 16 38 0 38 41 39 17 1 11 24 21 41 3 3 0 3 9 12 12 3 11 9 9 9 9 9 0 10 11 11 9 21 12 3 9 9 22 9 22 10 9 12 11 0 11 9 9 19 9 41 9 0 9 9 11 9 9 11 3 11 41 10 9 0 38 41 9 9 22 1 3 0 30 41 22 3 11 12 10 9 10 41 3 9 11 9 41 9 10 9 9 10 9 9 19 10 9 13 9 3 11 0 11 40 41 41 41 38 41 11 22 0 9 9 0 28 30 7 8 38 1 0 3 28 1 3 28 28 28 7 3 0 13 0 38 28 33 7 8 28 8 30 28 28 38 38 28 38 28 28 2 13 28 7 28 28 13 3 29 38 7 28 28 1 38 28 30 0 3 13 7 28 13 7 28 30 28 3 28 8 3 0 28 7 3 1 20 28 28 28 28 7 0 28 3 7 13 1 0 38 28 29 8 28 6 8 28 0 28 28 7 28 29 28 8 5 4 5 2 2 37 2 2 2 7 42 37 2 37 6 2 4 2 26 2 2 37 2 42 6 2 2 42 2 6 2 17 42 42 2 42 5 42 6 5 26 2 42 2 2 42 42 6 2 37 4 2 2 2 6 5 2 37 6 40 2 5 42 42 2 6 25 5 37 6 42 25 42 37 2 6 37 37 2 42 2 2 5 2 2 2 2 2 4 4 4 5 37 37 40 2 6 42 42 2 21 39 39 31 21 31 39 21 31 39 39 31 39 39 39 39 21 31 21 39 39 21 39 21 39 39 21 39 31 39 39 21 39 39 21 31 33 39 39 31 39 31 33 22 12 39 31 31 32 21 39 31 31 39 21 39 31 0 21 39 31 32 21 39 33 33 22 31 39 21 39 3 31 32 31 21 39 39 21 31 39 31 31 32 39 39 39 39 31 39 39 39 39 31 31 39 31 39 39 39"
69,3,-0.7074,1.0000,0.9753,-0.4854,-0.3591,"20 0 13 29 18 1 3 8 9 38 3 6 1 9 38 39 19 3 40 10 13 3 10 3 1 1 6 33 4 13 32 13 2 38 38 9 1 0 13 21 0 1 12 0 34 1 22 1 13 36 29 38 3 40 15 20 14 0 0 38 31 0 0 13 3 0 19 41 11 0 5 3 18 0 26 1 24 8 3 27 35 12 11 3 29 16 38 0 38 41 39 17 1 11 24 21 41 3 3 0 3 9 12 12 3 11 9 9 9 9 9 0 10 11 11 9 21 12 3 9 9 22 9 22 10 9 12 11 0 11 9 9 19 9 41 9 0 9 9 11 9 9 11 3 11 41 10 9 0 38 41 9 9 22 1 3 0 30 41 22 3 11 12 10 9 10 41 3 9 11 9 41 9 10 9 9 10 9 9 19 10 9 13 9 3 11 0 11 40 41 41 41 38 41 11 22 0 9 9 0 28 30 7 8 38 1 0 3 28 1 3 28 28 28 7 3 0 13 0 38 28 33 7 8 28 8 30 28 28 38 38 28 38 28 28 2 13 28 7 28 28 13 3 29 38 7 28 28 1 38 28 30 0 3 13 7 28 13 7 28 30 28 3 28 8 3 0 28 7 3 1 20 28 28 28 28 7 0 28 3 7 13 1 0 38 28 29 8 28 6 8 28 0 28 28 7 28 29 28 8 5 4 5 2 2 37 2 2 2 7 42 37 2 37 6 2 4 2 26 2 2 37 2 42 6 2 2 42 2 6 2 17 42 42 2 42 5 42 6 5 26 2 42 2 2 42 42 6 2 37 4 2 2 2 6 5 2 37 6 40 2 5 42 42 2 6 25 5 37 6 42 25 42 37 2 6 37 37 2 42 2 2 5 2 2 2 2 2 4 4 4 5 37 37 40 2 6 42 42 2 21 39 39 31 21 31 39 21 31 39 39 31 39 39 39 39 21 31 21 39 39 21 39 21 39 39 21 39 31 39 39 21 39 39 21 31 33 39 39 31 39 31 33 22 12 39 31 31 32 21 39 31 31 39 21 39 31 0 21 39 31 32 21 39 33 33 22 31 39 21 39 3 31 32 31 21 39 39 21 31 39 31 31 32 39 39 39 39 31 39 39 39 39 31 31 39 31 39 39 39"
70,3,-0.7073,1.0000,0.9758,-0.4850,-0.3297,"20 0 13 29 18 1 3 8 9 38 3 6 1 9 38 39 19 3 40 10 13 3 10 3 1 1 6 33 4 13 32 13 2 38 38 9 1 0 13 21 0 1 12 0 34 1 22 1 13 36 29 38 3 40 15 20 14 0 0 38 31 0 0 13 3 0 19 41 11 0 5 3 18 0 26 1 24 8 3 27 35 12 11 3 29 16 38 0 38 41 39 17 1 11 24 21 41 3 3 0 3 9 12 12 3 11 9 9 9 9 9 0 10 11 11 9 21 12 3 9 9 22 9 22 10 9 12 11 0 11 9 9 19 9 41 9 0 9 9 11 9 9 11 3 11 41 10 9 0 38 41 9 9 22 1 3 0 30 41 22 3 11 12 10 9 10 41 3 9 11 9 41 9 10 9 9 10 9 9 19 10 9 13 9 3 11 0 11 40 41 41 41 38 41 11 22 0 9 9 0 28 30 7 8 38 1 0 3 28 1 3 28 28 28 7 3 0 13 0 38 28 33 7 8 28 8 30 28 28 38 38 28 38 28 28 2 13 28 7 28 28 13 3 29 38 7 28 28 1 38 28 30 0 3 13 7 28 13 7 28 30 28 3 28 8 3 0 28 7 3 1 20 28 28 28 28 7 0 28 3 7 13 1 0 38 28 29 8 28 6 8 28 0 28 28 7 28 29 28 8 5 4 5 2 2 37 2 2 2 7 42 37 2 37 6 2 4 2 26 2 2 37 2 42 6 2 2 42 2 6 2 17 42 42 2 42 5 42 6 5 26 2 42 2 2 42 42 6 2 37 4 2 2 2 6 5 2 37 6 40 2 5 42 42 2 6 25 5 37 6 42 25 42 37 2 6 37 37 2 42 2 2 5 2 2 2 2 2 4 4 4 5 37 37 40 2 6 42 42 2 21 39 39 31 21 31 39 21 31 39 39 31 39 39 39 39 21 31 21 39 39 21 39 21 39 39 21 39 31 39 39 21 39 39 21 31 33 39 39 31 39 31 33 22 12 39 31 31 32 21 39 31 31 39 21 39 31 0 21 39 31 32 21 39 33 33 22 31 39 21 39 3 31 32 31 21 39 39 21 31 39 31 31 32 39 39 39 39 31 39 39 39 39 31 31 39 31 39 39 39"
71,3,-0.7007,1.0000,0.9977,-0.4953,-0.3400,"20 0 13 29 18 1 3 8 9 38 3 6 1 9 38 39 19 3 40 10 13 3 10 3 1 1 6 33 4 13 32 13 2 38 38 9 1 0 13 21 0 1 12 0 34 1 22 1 13 36 29 38 3 40 15 20 14 0 0 38 31 0 0 13 3 0 19 41 11 0 5 3 18 0 26 1 24 8 3 27 35 12 11 3 29 16 38 0 38 41 39 17 1 11 24 21 41 3 3 0 3 9 12 12 3 11 9 9 9 9 9 0 10 11 11 9 21 12 3 9 9 22 9 22 10 9 12 11 0 11 9 9 19 9 41 9 0 9 9 11 9 9 11 3 11 41 10 9 0 38 41 9 9 22 1 3 0 30 41 22 3 11 12 10 9 10 41 3 9 11 9 41 9 10 9 9 10 9 9 19 10 9 13 9 3 11 0 11 40 41 41 41 38 41 11 22 0 9 9 0 28 30 7 8 38 1 0 3 28 1 3 28 28 28 7 3 0 13 0 38 28 33 7 8 28 8 30 28 28 38 38 28 38 28 28 2 13 28 7 28 28 13 3 29 38 7 28 28 1 38 28 30 0 3 13 7 28 13 7 28 30 28 3 28 8 3 0 28 7 3 1 20 28 28 28 28 7 0 28 3 7 13 1 0 38 28 29 8 28 6 8 28 0 28 28 7 28 29 28 8 5 4 5 2 2 37 2 2 2 7 42 37 2 37 6 2 4 2 26 2 2 37 2 42 6 2 2 42 2 6 2 17 42 42 2 42 5 42 6 5 26 2 42 2 2 42 42 6 2 37 4 2 2 2 6 5 2 37 6 40 2 5 42 42 2 6 25 5 37 6 42 25 42 37 2 6 37 37 2 42 2 2 5 2 2 2 2 2 4 4 4 5 37 37 40 2 6 42 42 2 21 39 39 31 21 31 39 21 31 39 39 31 39 39 39 39 21 31 21 39 39 21 39 21 39 39 21 39 31 39 39 21 39 39 21 31 33 39 39 31 39 31 33 22 12 39 31 31 32 21 39 31 31 39 21 39 31 0 21 39 31 32 21 39 33 33 22 31 39 21 39 3 31 32 31 21 39 39 21 31 39 31 31 32 39 39 39 39 31 39 39 39 39 31 31 39 31 39 39 39"
72,3,-0.7006,1.0000,0.9979,-0.5000,-0.2504,"20 0 13 29 18 1 3 8 9 38 3 6 1 9 38 39 19 3 40 10 13 3 10 3 1 1 6 33 4 13 32 13 2 38 38 9 1 0 13 21 0 1 12 0 34 1 22 1 13 36 29 38 3 40 15 20 14 0 0 38 31 0 0 13 3 0 19 41 11 0 5 3 18 0 26 1 24 8 3 27 35 12 11 3 29 16 38 0 38 41 39 17 1 11 24 21 41 3 3 0 3 9 12 12 3 11 9 9 9 9 9 0 10 11 11 9 21 12 3 9 9 22 9 22 10 9 12 11 0 11 9 9 19 9 41 9 0 9 9 11 9 9 11 3 11 41 10 9 0 38 41 9 9 22 1 3 0 30 41 22 3 11 12 10 9 10 41 3 9 11 9 41 9 10 9 9 10 9 9 19 10 9 13 9 3 11 0 11 40 41 41 41 38 41 11 22 0 9 9 0 28 30 7 8 38 1 0 3 28 1 3 28 28 28 7 3 0 13 0 38 28 33 7 8 28 8 30 28 28 38 38 28 38 28 28 2 13 28 7 28 28 13 3 29 38 7 28 28 1 38 28 30 0 3 13 7 28 13 7 28 30 28 3 28 8 3 0 28 7 3 1 20 28 28 28 28 7 0 28 3 7 13 1 0 38 28 29 8 28 6 8 28 0 28 28 7 28 29 28 8 5 4 5 2 2 37 2 2 2 7 42 37 2 37 6 2 4 2 26 2 2 37 2 42 6 2 2 42 2 6 2 17 42 42 2 42 5 42 6 5 26 2 42 2 2 42 42 6 2 37 4 2 2 2 6 5 2 37 6 40 2 5 42 42 2 6 25 5 37 6 42 25 42 37 2 6 37 37 2 42 2 2 5 2 2 2 2 2 4 4 4 5 37 37 40 2 6 42 42 2 21 39 39 31 21 31 39 21 31 39 39 31 39 39 39 39 21 31 21 39 39 21 39 21 39 39 21 39 31 39 39 21 39 39 21 31 33 39 39 31 39 31 33 22 12 39 31 31 32 21 39 31 31 39 21 39 31 0 21 39 31 32 21 39 33 33 22 31 39 21 39 3 31 32 31 21 39 39 21 31 39 31 31 32 39 39 39 39 31 39 39 39 39 31 31 39 31 39 39 39"
73,3,-0.6624,0.9565,0.9803,-0.5135,-0.3172,"20 0 13 29 18 1 3 8 9 38 3 6 1 9 38 39 19 3 40 10 13 3 10 3 1 1 6 33 4 13 32 13 2 38 38 9 1 0 13 21 0 1 12 0 34 1 22 1 13 36 29 38 3 40 15 20 14 0 0 38 31 0 0 13 3 0 19 41 11 0 5 3 18 0 26 1 24 8 3 27 35 12 11 3 29 16 38 0 38 41 39 17 1 11 24 21 41 3 3 0 3 9 12 12 3 11 9 9 9 9 9 0 10 11 11 9 21 12 3 9 9 22 9 22 10 9 12 11 0 11 9 9 19 9 41 9 0 9 9 11 9 9 11 3 11 41 10 9 0 38 41 9 9 22 1 3 0 30 41 22 3 11 12 10 9 10 41 3 9 11 9 41 9 10 9 9 10 9 9 19 10 9 13 9 3 11 0 11 40 41 41 41 38 41 11 22 0 9 9 0 28 30 7 8 38 1 0 3 28 1 3 28 28 28 7 3 0 13 0 38 28 33 7 8 28 8 30 28 28 38 38 28 38 28 28 2 13 28 7 28 28 13 3 29 38 7 28 28 1 38 28 30 0 3 13 7 28 13 7 28 30 28 3 28 8 3 0 28 7 3 1 20 28 28 28 28 7 0 28 3 7 13 1 0 38 28 29 8 28 6 8 28 0 28 28 7 28 29 28 8 5 4 5 2 2 37 2 2 2 7 42 37 2 37 6 2 4 2 26 2 2 37 2 42 6 2 2 42 2 6 2 17 42 42 2 42 5 42 6 5 26 2 42 2 2 42 42 6 2 37 4 2 2 2 6 5 2 37 6 40 2 5 42 42 2 6 25 5 37 6 42 25 42 37 2 6 37 37 2 42 2 2 5 2 2 2 2 2 4 4 4 5 37 37 40 2 6 42 42 2 21 39 39 31 21 31 39 21 31 39 39 31 39 39 39 39 21 31 21 39 39 21 39 21 39 39 21 39 31 39 39 21 39 39 21 31 33 39 39 31 39 31 33 22 12 39 31 31 32 21 39 31 31 39 21 39 31 0 21 39 31 32 21 39 33 33 22 31 39 21 39 3 31 32 31 21 39 39 21 31 39 31 31 32 39 39 39 39 31 39 39 39 39 31 31 39 31 39 39 39"
74,3,-0.7267,1.0000,0.9111,-0.4622,-0.3463,"20 0 13 29 18 1 3 8 9 38 3 6 1 9 38 39 19 3 40 10 13 3 10 3 1 1 6 33 4 13 32 13 2 38 38 9 1 0 13 21 0 1 12 0 34 1 22 1 13 36 29 38 3 40 15 20 14 0 0 38 31 0 0 13 3 0 19 41 11 0 5 3 18 0 26 1 24 8 3 27 35 12 11 3 29 16 38 0 38 41 39 17 1 11 24 21 41 3 3 0 3 9 12 12 3 11 9 9 9 9 9 0 10 11 11 9 21 12 3 9 9 22 9 22 10 9 12 11 0 11 9 9 19 9 41 9 0 9 9 11 9 9 11 3 11 41 10 9 0 38 41 9 9 22 1 3 0 30 41 22 3 11 12 10 9 10 41 3 9 11 9 41 9 10 9 9 10 9 9 19 10 9 13 9 3 11 0 11 40 41 41 41 38 41 11 22 0 9 9 0 28 30 7 8 38 1 0 3 28 1 3 28 28 28 7 3 0 13 0 38 28 33 7 8 28 8 30 28 28 38 38 28 38 28 28 2 13 28 7 28 28 13 3 29 38 7 28 28 1 38 28 30 0 3 13 7 28 13 7 28 30 28 3 28 8 3 0 28 7 3 1 20 28 28 28 28 7 0 28 3 7 13 1 0 38 28 29 8 28 6 8 28 0 28 28 7 28 29 28 8 5 4 5 2 2 37 2 2 2 7 42 37 2 37 6 2 4 2 26 2 2 37 2 42 6 2 2 42 2 6 2 17 42 42 2 42 5 42 6 5 26 2 42 2 2 42 42 6 2 37 4 2 2 2 6 5 2 37 6 40 2 5 42 42 2 6 25 5 37 6 42 25 42 37 2 6 37 37 2 42 2 2 5 2 2 2 2 2 4 4 4 5 37 37 40 2 6 42 42 2 21 39 39 31 21 31 39 21 31 39 39 31 39 39 39 39 21 31 21 39 39 21 39 21 39 39 21 39 31 39 39 21 39 39 21 31 33 39 39 31 39 31 33 22 12 39 31 31 32 21 39 31 31 39 21 39 31 0 21 39 31 32 21 39 33 33 22 31 39 21 39 3 31 32 31 21 39 39 21 31 39 31 31 32 39 39 39 39 31 39 39 39 39 31 31 39 31 39 39 39"
75,3,-0.6279,0.9130,0.9504,-0.4682,-0.3522,"20 0 13 29 18 1 3 8 9 38 3 6 1 9 38 39 19 3 40 10 13 3 10 3 1 1 6 33 4 13 32 13 2 38 38 9 1 0 13 21 0 1 12 0 34 1 22 1 13 36 29 38 3 40 15 20 14 0 0 38 31 0 0 13 3 0 19 41 11 0 5 3 18 0 26 1 24 8 3 27 35 12 11 3 29 16 38 0 38 41 39 17 1 11 24 21 41 3 3 0 3 9 12 12 3 11 9 9 9 9 9 0 10 11 11 9 21 12 3 9 9 22 9 22 10 9 12 11 0 11 9 9 19 9 41 9 0 9 9 11 9 9 11 3 11 41 10 9 0 38 41 9 9 22 1 3 0 30 41 22 3 11 12 10 9 10 41 3 9 11 9 41 9 10 9 9 10 9 9 19 10 9 13 9 3 11 0 11 40 41 41 41 38 41 11 22 0 9 9 0 28 30 7 8 38 1 0 3 28 1 3 28 28 28 7 3 0 13 0 38 28 33 7 8 28 8 30 28 28 38 38 28 38 28 28 2 13 28 7 28 28 13 3 29 38 7 28 28 1 38 28 30 0 3 13 7 28 13 7 28 30 28 3 28 8 3 0 28 7 3 1 20 28 28 28 28 7 0 28 3 7 13 1 0 38 28 29 8 28 6 8 28 0 28 28 7 28 29 28 8 5 4 5 2 2 37 2 2 2 7 42 37 2 37 6 2 4 2 26 2 2 37 2 42 6 2 2 42 2 6 2 17 42 42 2 42 5 42 6 5 26 2 42 2 2 42 42 6 2 37 4 2 2 2 6 5 2 37 6 40 2 5 42 42 2 6 25 5 37 6 42 25 42 37 2 6 37 37 2 42 2 2 5 2 2 2 2 2 4 4 4 5 37 37 40 2 6 42 42 2 21 39 39 31 21 31 39 21 31 39 39 31 39 39 39 39 21 31 21 39 39 21 39 21 39 39 21 39 31 39 39 21 39 39 21 31 33 39 39 31 39 31 33 22 12 39 31 31 32 21 39 31 31 39 21 39 31 0 21 39 31 32 21 39 33 33 22 31 39 21 39 3 31 32 31 21 39 39 21 31 39 31 31 32 39 39 39 39 31 39 39 39 39 31 31 39 31 39 39 39"
76,3,-0.7160,1.0000,0.9468,-0.4515,-0.3188,"20 0 13 29 18 1 3 8 9 38 3 6 1 9 38 39 19 3 40 10 13 3 10 3 1 1 6 33 4 13 32 13 2 38 38 9 1 0 13 21 0 1 12 0 34 1 22 1 13 36 29 38 3 40 15 20 14 0 0 38 31 0 0 13 3 0 19 41 11 0 5 3 18 0 26 1 24 8 3 27 35 12 11 3 29 16 38 0 38 41 39 17 1 11 24 21 41 3 3 0 3 9 12 12 3 11 9 9 9 9 9 0 10 11 11 9 21 12 3 9 9 22 9 22 10 9 12 11 0 11 9 9 19 9 41 9 0 9 9 11 9 9 11 3 11 41 10 9 0 38 41 9 9 22 1 3 0 30 41 22 3 11 12 10 9 10 41 3 9 11 9 41 9 10 9 9 10 9 9 19 10 9 13 9 3 11 0 11 40 41 41 41 38 41 11 22 0 9 9 0 28 30 7 8 38 1 0 3 28 1 3 28 28 28 7 3 0 13 0 38 28 33 7 8 28 8 30 28 28 38 38 28 38 28 28 2 13 28 7 28 28 13 3 29 38 7 28 28 1 38 28 30 0 3 13 7 28 13 7 28 30 28 3 28 8 3 0 28 7 3 1 20 28 28 28 28 7 0 28 3 7 13 1 0 38 28 29 8 28 6 8 28 0 28 28 7 28 29 28 8 5 4 5 2 2 37 2 2 2 7 42 37 2 37 6 2 4 2 26 2 2 37 2 42 6 2 2 42 2 6 2 17 42 42 2 42 5 42 6 5 26 2 42 2 2 42 42 6 2 37 4 2 2 2 6 5 2 37 6 40 2 5 42 42 2 6 25 5 37 6 42 25 42 37 2 6 37 37 2 42 2 2 5 2 2 2 2 2 4 4 4 5 37 37 40 2 6 42 42 2 21 39 39 31 21 31 39 21 31 39 39 31 39 39 39 39 21 31 21 39 39 21 39 21 39 39 21 39 31 39 39 21 39 39 21 31 33 39 39 31 39 31 33 22 12 39 31 31 32 21 39 31 31 39 21 39 31 0 21 39 31 32 21 39 33 33 22 31 39 21 39 3 31 32 31 21 39 39 21 31 39 31 31 32 39 39 39 39 31 39 39 39 39 31 31 39 31 39 39 39"
77,3,-0.6831,0.9630,0.9330,-0.4832,-0.3325,"20 0 13 29 18 1 3 8 9 38 3 6 1 9 38 39 19 3 40 10 13 3 10 3 1 1 6 33 4 13 32 13 2 38 38 9 1 0 13 21 0 1 12 0 34 1 22 1 13 36 29 38 3 40 15 20 14 0 0 38 31 0 0 13 3 0 19 41 11 0 5 3 18 0 26 1 24 8 3 27 35 12 11 3 29 16 38 0 38 41 39 17 1 11 24 21 41 3 3 0 3 9 12 12 3 11 9 9 9 9 9 0 10 11 11 9 21 12 3 9 9 22 9 22 10 9 12 11 0 11 9 9 19 9 41 9 0 9 9 11 9 9 11 3 11 41 10 9 0 38 41 9 9 22 1 3 0 30 41 22 3 11 12 10 9 10 41 3 9 11 9 41 9 10 9 9 10 9 9 19 10 9 13 9 3 11 0 11 40 41 41 41 38 41 11 22 0 9 9 0 28 30 7 8 38 1 0 3 28 1 3 28 28 28 7 3 0 13 0 38 28 33 7 8 28 8 30 28 28 38 38 28 38 28 28 2 13 28 7 28 28 13 3 29 38 7 28 28 1 38 28 30 0 3 13 7 28 13 7 28 30 28 3 28 8 3 0 28 7 3 1 20 28 28 28 28 7 0 28 3 7 13 1 0 38 28 29 8 28 6 8 28 0 28 28 7 28 29 28 8 5 4 5 2 2 37 2 2 2 7 42 37 2 37 6 2 4 2 26 2 2 37 2 42 6 2 2 42 2 6 2 17 42 42 2 42 5 42 6 5 26 2 42 2 2 42 42 6 2 37 4 2 2 2 6 5 2 37 6 40 2 5 42 42 2 6 25 5 37 6 42 25 42 37 2 6 37 37 2 42 2 2 5 2 2 2 2 2 4 4 4 5 37 37 40 2 6 42 42 2 21 39 39 31 21 31 39 21 31 39 39 31 39 39 39 39 21 31 21 39 39 21 39 21 39 39 21 39 31 39 39 21 39 39 21 31 33 39 39 31 39 31 33 22 12 39 31 31 32 21 39 31 31 39 21 39 31 0 21 39 31 32 21 39 33 33 22 31 39 21 39 3 31 32 31 21 39 39 21 31 39 31 31 32 39 39 39 39 31 39 39 39 39 31 31 39 31 39 39 39"
78,3,-0.7036,1.0000,0.9879,-0.4782,-0.3255,"20 0 13 29 18 1 3 8 9 38 3 6 1 9 38 39 19 3 40 10 13 3 10 3 1 1 6 33 4 13 32 13 2 38 38 9 1 0 13 21 0 1 12 0 34 1 22 1 13 36 29 38 3 40 15 20 14 0 0 38 31 0 0 13 3 0 19 41 11 0 5 3 18 0 26 1 24 8 3 27 35 12 11 3 29 16 38 0 38 41 39 17 1 11 24 21 41 3 3 0 3 9 12 12 3 11 9 9 9 9 9 0 10 11 11 9 21 12 3 9 9 22 9 22 10 9 12 11 0 11 9 9 19 9 41 9 0 9 9 11 9 9 11 3 11 41 10 9 0 38 41 9 9 22 1 3 0 30 41 22 3 11 12 10 9 10 41 3 9 11 9 41 9 10 9 9 10 9 9 19 10 9 13 9 3 11 0 11 40 41 41 41 38 41 11 22 0 9 9 0 28 30 7 8 38 1 0 3 28 1 3 28 28 28 7 3 0 13 0 38 28 33 7 8 28 8 30 28 28 38 38 28 38 28 28 2 13 28 7 28 28 13 3 29 38 7 28 28 1 38 28 30 0 3 13 7 28 13 7 28 30 28 3 28 8 3 0 28 7 3 1 20 28 28 28 28 7 0 28 3 7 13 1 0 38 28 29 8 28 6 8 28 0 28 28 7 28 29 28 8 5 4 5 2 2 37 2 2 2 7 42 37 2 37 6 2 4 2 26 2 2 37 2 42 6 2 2 42 2 6 2 17 42 42 2 42 5 42 6 5 26 2 42 2 2 42 42 6 2 37 4 2 2 2 6 5 2 37 6 40 2 5 42 42 2 6 25 5 37 6 42 25 42 37 2 6 37 37 2 42 2 2 5 2 2 2 2 2 4 4 4 5 37 37 40 2 6 42 42 2 21 39 39 31 21 31 39 21 31 39 39 31 39 39 39 39 21 31 21 39 39 21 39 21 39 39 21 39 31 39 39 21 39 39 21 31 33 39 39 31 39 31 33 22 12 39 31 31 32 21 39 31 31 39 21 39 31 0 21 39 31 32 21 39 33 33 22 31 39 21 39 3 31 32 31 21 39 39 21 31 39 31 31 32 39 39 39 39 31 39 39 39 39 31 31 39 31 39 39 39"
79,3,-0.7229,1.0000,0.9235,-0.4861,-0.3190,"20 0 13 29 18 1 3 8 9 38 3 6 1 9 38 39 19 3 40 10 13 3 10 3 1 1 6 33 4 13 32 13 2 38 38 9 1 0 13 21 0 1 12 0 34 1 22 1 13 36 29 38 3 40 15 20 14 0 0 38 31 0 0 13 3 0 19 41 11 0 5 3 18 0 26 1 24 8 3 27 35 12 11 3 29 16 38 0 38 41 39 17 1 11 24 21 41 3 3 0 3 9 12 12 3 11 9 9 9 9 9 0 10 11 11 9 21 12 3 9 9 22 9 22 10 9 12 11 0 11 9 9 19 9 41 9 0 9 9 11 9 9 11 3 11 41 10 9 0 38 41 9 9 22 1 3 0 30 41 22 3 11 12 10 9 10 41 3 9 11 9 41 9 10 9 9 10 9 9 19 10 9 13 9 3 11 0 11 40 41 41 41 38 41 11 22 0 9 9 0 28 30 7 8 38 1 0 3 28 1 3 28 28 28 7 3 0 13 0 38 28 33 7 8 28 8 30 28 28 38 38 28 38 28 28 2 13 28 7 28 28 13 3 29 38 7 28 28 1 38 28 30 0 3 13 7 28 13 7 28 30 28 3 28 8 3 0 28 7 3 1 20 28 28 28 28 7 0 28 3 7 13 1 0 38 28 29 8 28 6 8 28 0 28 28 7 28 29 28 8 5 4 5 2 2 37 2 2 2 7 42 37 2 37 6 2 4 2 26 2 2 37 2 42 6 2 2 42 2 6 2 17 42 42 2 42 5 42 6 5 26 2 42 2 2 42 42 6 2 37 4 2 2 2 6 5 2 37 6 40 2 5 42 42 2 6 25 5 37 6 42 25 42 37 2 6 37 37 2 42 2 2 5 2 2 2 2 2 4 4 4 5 37 37 40 2 6 42 42 2 21 39 39 31 21 31 39 21 31 39 39 31 39 39 39 39 21 31 21 39 39 21 39 21 39 39 21 39 31 39 39 21 39 39 21 31 33 39 39 31 39 31 33 22 12 39 31 31 32 21 39 31 31 39 21 39 31 0 21 39 31 32 21 39 33 33 22 31 39 21 39 3 31 32 31 21 39 39 21 31 39 31 31 32 39 39 39 39 31 39 39 39 39 31 31 39 31 39 39 39"
80,3,-0.7044,1.0000,0.9854,-0.5132,-0.3358,"20 0 13 29 18 1 3 8 9 38 3 6 1 9 38 39 19 3 40 10 13 3 10 3 1 1 6 33 4 13 32 13 2 38 38 9 1 0 13 21 0 1 12 0 34 1 22 1 13 36 29 38 3 40 15 20 14 0 0 38 31 0 0 13 3 0 19 41 11 0 5 3 18 0 26 1 24 8 3 27 35 12 11 3 29 16 38 0 38 41 39 17 1 11 24 21 41 3 3 0 3 9 12 12 3 11 9 9 9 9 9 0 10 11 11 9 21 12 3 9 9 22 9 22 10 9 12 11 0 11 9 9 19 9 41 9 0 9 9 11 9 9 11 3 11 41 10 9 0 38 41 9 9 22 1 3 0 30 41 22 3 11 12 10 9 10 41 3 9 11 9 41 9 10 9 9 10 9 9 19 10 9 13 9 3 11 0 11 40 41 41 41 38 41 11 22 0 9 9 0 28 30 7 8 38 1 0 3 28 1 3 28 28 28 7 3 0 13 0 38 28 33 7 8 28 8 30 28 28 38 38 28 38 28 28 2 13 28 7 28 28 13 3 29 38 7 28 28 1 38 28 30 0 3 13 7 28 13 7 28 30 28 3 28 8 3 0 28 7 3 1 20 28 28 28 28 7 0 28 3 7 13 1 0 38 28 29 8 28 6 8 28 0 28 28 7 28 29 28 8 5 4 5 2 2 37 2 2 2 7 42 37 2 37 6 2 4 2 26 2 2 37 2 42 6 2 2 42 2 6 2 17 42 42 2 42 5 42 6 5 26 2 42 2 2 42 42 6 2 37 4 2 2 2 6 5 2 37 6 40 2 5 42 42 2 6 25 5 37 6 42 25 42 37 2 6 37 37 2 42 2 2 5 2 2 2 2 2 4 4 4 5 37 37 40 2 6 42 42 2 21 39 39 31 21 31 39 21 31 39 39 31 39 39 39 39 21 31 21 39 39 21 39 21 39 39 21 39 31 39 39 21 39 39 21 31 33 39 39 31 39 31 33 22 12 39 31 31 32 21 39 31 31 39 21 39 31 0 21 39 31 32 21 39 33 33 22 31 39 21 39 3 31 32 31 21 39 39 21 31 39 31 31 32 39 39 39 39 31 39 39 39 39 31 31 39 31 39 39 39"
81,3,-0.7264,1.0000,0.9121,-0.4721,-0.3284,"20 0 13 29 18 1 3 8 9 38 3 6 1 9 38 39 19 3 40 10 13 3 10 3 1 1 6 33 4 13 32 13 2 38 38 9 1 0 13 21 0 1 12 0 34 1 22 1 13 36 29 38 3 40 15 20 14 0 0 38 31 0 0 13 3 0 19 41 11 0 5 3 18 0 26 1 24 8 3 27 35 12 11 3 29 16 38 0 38 41 39 17 1 11 24 21 41 3 3 0 3 9 12 12 3 11 9 9 9 9 9 0 10 11 11 9 21 12 3 9 9 22 9 22 10 9 12 11 0 11 9 9 19 9 41 9 0 9 9 11 9 9 11 3 11 41 10 9 0 38 41 9 9 22 1 3 0 30 41 22 3 11 12 10 9 10 41 3 9 11 9 41 9 10 9 9 10 9 9 19 10 9 13 9 3 11 0 11 40 41 41 41 38 41 11 22 0 9 9 0 28 30 7 8 38 1 0 3 28 1 3 28 28 28 7 3 0 13 0 38 28 33 7 8 28 8 30 28 28 38 38 28 38 28 28 2 13 28 7 28 28 13 3 29 38 7 28 28 1 38 28 30 0 3 13 7 28 13 7 28 30 28 3 28 8 3 0 28 7 3 1 20 28 28 28 28 7 0 28 3 7 13 1 0 38 28 29 8 28 6 8 28 0 28 28 7 28 29 28 8 5 4 5 2 2 37 2 2 2 7 42 37 2 37 6 2 4 2 26 2 2 37 2 42 6 2 2 42 2 6 2 17 42 42 2 42 5 42 6 5 26 2 42 2 2 42 42 6 2 37 4 2 2 2 6 5 2 37 6 40 2 5 42 42 2 6 25 5 37 6 42 25 42 37 2 6 37 37 2 42 2 2 5 2 2 2 2 2 4 4 4 5 37 37 40 2 6 42 42 2 21 39 39 31 21 31 39 21 31 39 39 31 39 39 39 39 21 31 21 39 39 21 39 21 39 39 21 39 31 39 39 21 39 39 21 31 33 39 39 31 39 31 33 22 12 39 31 31 32 21 39 31 31 39 21 39 31 0 21 39 31 32 21 39 33 33 22 31 39 21 39 3 31 32 31 21 39 39 21 31 39 31 31 32 39 39 39 39 31 39 39 39 39 31 31 39 31 39 39 39"
82,3,-0.7192,1.0000,0.9359,-0.4460,-0.3299,"20 0 13 29 18 1 3 8 9 38 3 6 1 9 38 39 19 3 40 10 13 3 10 3 1 1 6 33 4 13 32 13 2 38 38 9 1 0 13 21 0 1 12 0 34 1 22 1 13 36 29 38 3 40 15 20 14 0 0 38 31 0 0 13 3 0 19 41 11 0 5 3 18 0 26 1 24 8 3 27 35 12 11 3 29 16 38 0 38 41 39 17 1 11 24 21 41 3 3 0 3 9 12 12 3 11 9 9 9 9 9 0 10 11 11 9 21 12 3 9 9 22 9 22 10 9 12 11 0 11 9 9 19 9 41 9 0 9 9 11 9 9 11 3 11 41 10 9 0 38 41 9 9 22 1 3 0 30 41 22 3 11 12 10 9 10 41 3 9 11 9 41 9 10 9 9 10 9 9 19 10 9 13 9 3 11 0 11 40 41 41 41 38 41 11 22 0 9 9 0 28 30 7 8 38 1 0 3 28 1 3 28 28 28 7 3 0 13 0 38 28 33 7 8 28 8 30 28 28 38 38 28 38 28 28 2 13 28 7 28 28 13 3 29 38 7 28 28 1 38 28 30 0 3 13 7 28 13 7 28 30 28 3 28 8 3 0 28 7 3 1 20 28 28 28 28 7 0 28 3 7 13 1 0 38 28 29 8 28 6 8 28 0 28 28 7 28 29 28 8 5 4 5 2 2 37 2 2 2 7 42 37 2 37 6 2 4 2 26 2 2 37 2 42 6 2 2 42 2 6 2 17 42 42 2 42 5 42 6 5 26 2 42 2 2 42 42 6 2 37 4 2 2 2 6 5 2 37 6 40 2 5 42 42 2 6 25 5 37 6 42 25 42 37 2 6 37 37 2 42 2 2 5 2 2 2 2 2 4 4 4 5 37 37 40 2 6 42 42 2 21 39 39 31 21 31 39 21 31 39 39 31 39 39 39 39 21 31 21 39 39 21 39 21 39 39 21 39 31 39 39 21 39 39 21 31 33 39 39 31 39 31 33 22 12 39 31 31 32 21 39 31 31 39 21 39 31 0 21 39 31 32 21 39 33 33 22 31 39 21 39 3 31 32 31 21 39 39 21 31 39 31 31 32 39 39 39 39 31 39 39 39 39 31 31 39 31 39 39 39"
83,3,-0.7149,1.0000,0.9503,-0.4714,-0.3145,"20 0 13 29 18 1 3 8 9 38 3 6 1 9 38 39 19 3 40 10 13 3 10 3 1 1 6 33 4 13 32 13 2 38 38 9 1 0 13 21 0 1 12 0 34 1 22 1 13 36 29 38 3 40 15 20 14 0 0 38 31 0 0 13 3 0 19 41 11 0 5 3 18 0 26 1 24 8 3 27 35 12 11 3 29 16 38 0 38 41 39 17 1 11 24 21 41 3 3 0 3 9 12 12 3 11 9 9 9 9 9 0 10 11 11 9 21 12 3 9 9 22 9 22 10 9 12 11 0 11 9 9 19 9 41 9 0 9 9 11 9 9 11 3 11 41 10 9 0 38 41 9 9 22 1 3 0 30 41 22 3 11 12 10 9 10 41 3 9 11 9 41 9 10 9 9 10 9 9 19 10 9 13 9 3 11 0 11 40 41 41 41 38 41 11 22 0 9 9 0 28 30 7 8 38 1 0 3 28 1 3 28 28 28 7 3 0 13 0 38 28 33 7 8 28 8 30 28 28 38 38 28 38 28 28 2 13 28 7 28 28 13 3 29 38 7 28 28 1 38 28 30 0 3 13 7 28 13 7 28 30 28 3 28 8 3 0 28 7 3 1 20 28 28 28 28 7 0 28 3 7 13 1 0 38 28 29 8 28 6 8 28 0 28 28 7 28 29 28 8 5 4 5 2 2 37 2 2 2 7 42 37 2 37 6 2 4 2 26 2 2 37 2 42 6 2 2 42 2 6 2 17 42 42 2 42 5 42 6 5 26 2 42 2 2 42 42 6 2 37 4 2 2 2 6 5 2 37 6 40 2 5 42 42 2 6 25 5 37 6 42 25 42 37 2 6 37 37 2 42 2 2 5 2 2 2 2 2 4 4 4 5 37 37 40 2 6 42 42 2 21 39 39 31 21 31 39 21 31 39 39 31 39 39 39 39 21 31 21 39 39 21 39 21 39 39 21 39 31 39 39 21 39 39 21 31 33 39 39 31 39 31 33 22 12 39 31 31 32 21 39 31 31 39 21 39 31 0 21 39 31 32 21 39 33 33 22 31 39 21 39 3 31 32 31 21 39 39 21 31 39 31 31 32 39 39 39 39 31 39 39 39 39 31 31 39 31 39 39 39"
84,3,-0.7016,1.0000,0.9948,-0.4973,-0.3821,"20 0 13 29 18 1 3 8 9 38 3 6 1 9 38 39 19 3 40 10 13 3 10 3 1 1 6 33 4 13 32 13 2 38 38 9 1 0 13 21 0 1 12 0 34 1 22 1 13 36 29 38 3 40 15 20 14 0 0 38 31 0 0 13 3 0 19 41 11 0 5 3 18 0 26 1 24 8 3 27 35 12 11 3 29 16 38 0 38 41 39 17 1 11 24 21 41 3 3 0 3 9 12 12 3 11 9 9 9 9 9 0 10 11 11 9 21 12 3 9 9 22 9 22 10 9 12 11 0 11 9 9 19 9 41 9 0 9 9 11 9 9 11 3 11 41 10 9 0 38 41 9 9 22 1 3 0 30 41 22 3 11 12 10 9 10 41 3 9 11 9 41 9 10 9 9 10 9 9 19 10 9 13 9 3 11 0 11 40 41 41 41 38 41 11 22 0 9 9 0 28 30 7 8 38 1 0 3 28 1 3 28 28 28 7 3 0 13 0 38 28 33 7 8 28 8 30 28 28 38 38 28 38 28 28 2 13 28 7 28 28 13 3 29 38 7 28 28 1 38 28 30 0 3 13 7 28 13 7 28 30 28 3 28 8 3 0 28 7 3 1 20 28 28 28 28 7 0 28 3 7 13 1 0 38 28 29 8 28 6 8 28 0 28 28 7 28 29 28 8 5 4 5 2 2 37 2 2 2 7 42 37 2 37 6 2 4 2 26 2 2 37 2 42 6 2 2 42 2 6 2 17 42 42 2 42 5 42 6 5 26 2 42 2 2 42 42 6 2 37 4 2 2 2 6 5 2 37 6 40 2 5 42 42 2 6 25 5 37 6 42 25 42 37 2 6 37 37 2 42 2 2 5 2 2 2 2 2 4 4 4 5 37 37 40 2 6 42 42 2 21 39 39 31 21 31 39 21 31 39 39 31 39 39 39 39 21 31 21 39 39 21 39 21 39 39 21 39 31 39 39 21 39 39 21 31 33 39 39 31 39 31 33 22 12 39 31 31 32 21 39 31 31 39 21 39 31 0 21 39 31 32 21 39 33 33 22 31 39 21 39 3 31 32 31 21 39 39 21 31 39 31 31 32 39 39 39 39 31 39 39 39 39 31 31 39 31 39 39 39"
85,3,-0.7167,1.0000,0.9442,-0.4593,-0.3087,"20 0 13 29 18 1 3 8 9 38 3 6 1 9 38 39 19 3 40 10 13 3 10 3 1 1 6 33 4 13 32 13 2 38 38 9 1 0 13 21 0 1 12 0 34 1 22 1 13 36 29 38 3 40 15 20 14 0 0 38 31 0 0 13 3 0 19 41 11 0 5 3 18 0 26 1 24 8 3 27 35 12 11 3 29 16 38 0 38 41 39 17 1 11 24 21 41 3 3 0 3 9 12 12 3 11 9 9 9 9 9 0 10 11 11 9 21 12 3 9 9 22 9 22 10 9 12 11 0 11 9 9 19 9 41 9 0 9 9 11 9 9 11 3 11 41 10 9 0 38 41 9 9 22 1 3 0 30 41 22 3 11 12 10 9 10 41 3 9 11 9 41 9 10 9 9 10 9 9 19 10 9 13 9 3 11 0 11 40 41 41 41 38 41 11 22 0 9 9 0 28 30 7 8 38 1 0 3 28 1 3 28 28 28 7 3 0 13 0 38 28 33 7 8 28 8 30 28 28 38 38 28 38 28 28 2 13 28 7 28 28 13 3 29 38 7 28 28 1 38 28 30 0 3 13 7 28 13 7 28 30 28 3 28 8 3 0 28 7 3 1 20 28 28 28 28 7 0 28 3 7 13 1 0 38 28 29 8 28 6 8 28 0 28 28 7 28 29 28 8 5 4 5 2 2 37 2 2 2 7 42 37 2 37 6 2 4 2 26 2 2 37 2 42 6 2 2 42 2 6 2 17 42 42 2 42 5 42 6 5 26 2 42 2 2 42 42 6 2 37 4 2 2 2 6 5 2 37 6 40 2 5 42 42 2 6 25 5 37 6 42 25 42 37 2 6 37 37 2 42 2 2 5 2 2 2 2 2 4 4 4 5 37 37 40 2 6 42 42 2 21 39 39 31 21 31 39 21 31 39 39 31 39 39 39 39 21 31 21 39 39 21 39 21 39 39 21 39 31 39 39 21 39 39 21 31 33 39 39 31 39 31 33 22 12 39 31 31 32 21 39 31 31 39 21 39 31 0 21 39 31 32 21 39 33 33 22 31 39 21 39 3 31 32 31 21 39 39 21 31 39 31 31 32 39 39 39 39 31 39 39 39 39 31 31 39 31 39 39 39"
86,3,-0.7034,1.0000,0.9888,-0.4505,-0.3387,"20 0 13 29 18 1 3 8 9 38 3 6 1 9 38 39 19 3 40 10 13 3 10 3 1 1 6 33 4 13 32 13 2 38 38 9 1 0 13 21 0 1 12 0 34 1 22 1 13 36 29 38 3 40 15 20 14 0 0 38 31 0 0 13 3 0 19 41 11 0 5 3 18 0 26 1 24 8 3 27 35 12 11 3 29 16 38 0 38 41 39 17 1 11 24 21 41 3 3 0 3 9 12 12 3 11 9 9 9 9 9 0 10 11 11 9 21 12 3 9 9 22 9 22 10 9 12 11 0 11 9 9 19 9 41 9 0 9 9 11 9 9 11 3 11 41 10 9 0 38 41 9 9 22 1 3 0 30 41 22 3 11 12 10 9 10 41 3 9 11 9 41 9 10 9 9 10 9 9 19 10 9 13 9 3 11 0 11 40 41 41 41 38 41 11 22 0 9 9 0 28 30 7 8 38 1 0 3 28 1 3 28 28 28 7 3 0 13 0 38 28 33 7 8 28 8 30 28 28 38 38 28 38 28 28 2 13 28 7 28 28 13 3 29 38 7 28 28 1 38 28 30 0 3 13 7 28 13 7 28 30 28 3 28 8 3 0 28 7 3 1 20 28 28 28 28 7 0 28 3 7 13 1 0 38 28 29 8 28 6 8 28 0 28 28 7 28 29 28 8 5 4 5 2 2 37 2 2 2 7 42 37 2 37 6 2 4 2 26 2 2 37 2 42 6 2 2 42 2 6 2 17 42 42 2 42 5 42 6 5 26 2 42 2 2 42 42 6 2 37 4 2 2 2 6 5 2 37 6 40 2 5 42 42 2 6 25 5 37 6 42 25 42 37 2 6 37 37 2 42 2 2 5 2 2 2 2 2 4 4 4 5 37 37 40 2 6 42 42 2 21 39 39 31 21 31 39 21 31 39 39 31 39 39 39 39 21 31 21 39 39 21 39 21 39 39 21 39 31 39 39 21 39 39 21 31 33 39 39 31 39 31 33 22 12 39 31 31 32 21 39 31 31 39 21 39 31 0 21 39 31 32 21 39 33 33 22 31 39 21 39 3 31 32 31 21 39 39 21 31 39 31 31 32 39 39 39 39 31 39 39 39 39 31 31 39 31 39 39 39"
87,3,-0.7000,1.0000,1.0000,-0.4900,-0.3538,"20 0 13 29 18 1 3 8 9 38 3 6 1 9 38 39 19 3 40 10 13 3 10 3 1 1 6 33 4 13 32 13 2 38 38 9 1 0 13 21 0 1 12 0 34 1 22 1 13 36 29 38 3 40 15 20 14 0 0 38 31 0 0 13 3 0 19 41 11 0 5 3 18 0 26 1 24 8 3 27 35 12 11 3 29 16 38 0 38 41 39 17 1 11 24 21 41 3 3 0 3 9 12 12 3 11 9 9 9 9 9 0 10 11 11 9 21 12 3 9 9 22 9 22 10 9 12 11 0 11 9 9 19 9 41 9 0 9 9 11 9 9 11 3 11 41 10 9 0 38 41 9 9 22 1 3 0 30 41 22 3 11 12 10 9 10 41 3 9 11 9 41 9 10 9 9 10 9 9 19 10 9 13 9 3 11 0 11 40 41 41 41 38 41 11 22 0 9 9 0 28 30 7 8 38 1 0 3 28 1 3 28 28 28 7 3 0 13 0 38 28 33 7 8 28 8 30 28 28 38 38 28 38 28 28 2 13 28 7 28 28 13 3 29 38 7 28 28 1 38 28 30 0 3 13 7 28 13 7 28 30 28 3 28 8 3 0 28 7 3 1 20 28 28 28 28 7 0 28 3 7 13 1 0 38 28 29 8 28 6 8 28 0 28 28 7 28 29 28 8 5 4 5 2 2 37 2 2 2 7 42 37 2 37 6 2 4 2 26 2 2 37 2 42 6 2 2 42 2 6 2 17 42 42 2 42 5 42 6 5 26 2 42 2 2 42 42 6 2 37 4 2 2 2 6 5 2 37 6 40 2 5 42 42 2 6 25 5 37 6 42 25 42 37 2 6 37 37 2 42 2 2 5 2 2 2 2 2 4 4 4 5 37 37 40 2 6 42 42 2 21 39 39 31 21 31 39 21 31 39 39 31 39 39 39 39 21 31 21 39 39 21 39 21 39 39 21 39 31 39 39 21 39 39 21 31 33 39 39 31 39 31 33 22 12 39 31 31 32 21 39 31 31 39 21 39 31 0 21 39 31 32 21 39 33 33 22 31 39 21 39 3 31 32 31 21 39 39 21 31 39 31 31 32 39 39 39 39 31 39 39 39 39 31 31 39 31 39 39 39"
88,3,-0.7091,1.0000,0.9698,-0.4782,-0.3665,"20 0 13 29 18 1 3 8 9 38 3 6 1 9 38 39 19 3 40 10 13 3 10 3 1 1 6 33 4 13 32 13 2 38 38 9 1 0 13 21 0 1 12 0 34 1 22 1 13 36 29 38 3 40 15 20 14 0 0 38 31 0 0 13 3 0 19 41 11 0 5 3 18 0 26 1 24 8 3 27 35 12 11 3 29 16 38 0 38 41 39 17 1 11 24 21 41 3 3 0 3 9 12 12 3 11 9 9 9 9 9 0 10 11 11 9 21 12 3 9 9 22 9 22 10 9 12 11 0 11 9 9 19 9 41 9 0 9 9 11 9 9 11 3 11 41 10 9 0 38 41 9 9 22 1 3 0 30 41 22 3 11 12 10 9 10 41 3 9 11 9 41 9 10 9 9 10 9 9 19 10 9 13 9 3 11 0 11 40 41 41 41 38 41 11 22 0 9 9 0 28 30 7 8 38 1 0 3 28 1 3 28 28 28 7 3 0 13 0 38 28 33 7 8 28 8 30 28 28 38 38 28 38 28 28 2 13 28 7 28 28 13 3 29 38 7 28 28 1 38 28 30 0 3 13 7 28 13 7 28 30 28 3 28 8 3 0 28 7 3 1 20 28 28 28 28 7 0 28 3 7 13 1 0 38 28 29 8 28 6 8 28 0 28 28 7 28 29 28 8 5 4 5 2 2 37 2 2 2 7 42 37 2 37 6 2 4 2 26 2 2 37 2 42 6 2 2 42 2 6 2 17 42 42 2 42 5 42 6 5 26 2 42 2 2 42 42 6 2 37 4 2 2 2 6 5 2 37 6 40 2 5 42 42 2 6 25 5 37 6 42 25 42 37 2 6 37 37 2 42 2 2 5 2 2 2 2 2 4 4 4 5 37 37 40 2 6 42 42 2 21 39 39 31 21 31 39 21 31 39 39 31 39 39 39 39 21 31 21 39 39 21 39 21 39 39 21 39 31 39 39 21 39 39 21 31 33 39 39 31 39 31 33 22 12 39 31 31 32 21 39 31 31 39 21 39 31 0 21 39 31 32 21 39 33 33 22 31 39 21 39 3 31 32 31 21 39 39 21 31 39 31 31 32 39 39 39 39 31 39 39 39 39 31 31 39 31 39 39 39"
89,3,-0.7123,1.0000,0.9589,-0.4570,-0.3522,"20 0 13 29 18 1 3 8 9 38 3 6 1 9 38 39 19 3 40 10 13 3 10 3 1 1 6 33 4 13 32 13 2 38 38 9 1 0 13 21 0 1 12 0 34 1 22 1 13 36 29 38 3 40 15 20 14 0 0 38 31 0 0 13 3 0 19 41 11 0 5 3 18 0 26 1 24 8 3 27 35 12 11 3 29 16 38 0 38 41 39 17 1 11 24 21 41 3 3 0 3 9 12 12 3 11 9 9 9 9 9 0 10 11 11 9 21 12 3 9 9 22 9 22 10 9 12 11 0 11 9 9 19 9 41 9 0 9 9 11 9 9 11 3 11 41 10 9 0 38 41 9 9 22 1 3 0 30 41 22 3 11 12 10 9 10 41 3 9 11 9 41 9 10 9 9 10 9 9 19 10 9 13 9 3 11 0 11 40 41 41 41 38 41 11 22 0 9 9 0 28 30 7 8 38 1 0 3 28 1 3 28 28 28 7 3 0 13 0 38 28 33 7 8 28 8 30 28 28 38 38 28 38 28 28 2 13 28 7 28 28 13 3 29 38 7 28 28 1 38 28 30 0 3 13 7 28 13 7 28 30 28 3 28 8 3 0 28 7 3 1 20 28 28 28 28 7 0 28 3 7 13 1 0 38 28 29 8 28 6 8 28 0 28 28 7 28 29 28 8 5 4 5 2 2 37 2 2 2 7 42 37 2 37 6 2 4 2 26 2 2 37 2 42 6 2 2 42 2 6 2 17 42 42 2 42 5 42 6 5 26 2 42 2 2 42 42 6 2 37 4 2 2 2 6 5 2 37 6 40 2 5 42 42 2 6 25 5 37 6 42 25 42 37 2 6 37 37 2 42 2 2 5 2 2 2 2 2 4 4 4 5 37 37 40 2 6 42 42 2 21 39 39 31 21 31 39 21 31 39 39 31 39 39 39 39 21 31 21 39 39 21 39 21 39 39 21 39 31 39 39 21 39 39 21 31 33 39 39 31 39 31 33 22 12 39 31 31 32 21 39 31 31 39 21 39 31 0 21 39 31 32 21 39 33 33 22 31 39 21 39 3 31 32 31 21 39 39 21 31 39 31 31 32 39 39 39 39 31 39 39 39 39 31 31 39 31 39 39 39"
90,3,-0.7023,1.0000,0.9924,-0.4606,-0.3290,"20 0 13 29 18 1 3 8 9 38 3 6 1 9 38 39 19 3 40 10 13 3 10 3 1 1 6 33 4 13 32 13 2 38 38 9 1 0 13 21 0 1 12 0 34 1 22 1 13 36 29 38 3 40 15 20 14 0 0 38 31 0 0 13 3 0 19 41 11 0 5 3 18 0 26 1 24 8 3 27 35 12 11 3 29 16 38 0 38 41 39 17 1 11 24 21 41 3 3 0 3 9 12 12 3 11 9 9 9 9 9 0 10 11 11 9 21 12 3 9 9 22 9 22 10 9 12 11 0 11 9 9 19 9 41 9 0 9 9 11 9 9 11 3 11 41 10 9 0 38 41 9 9 22 1 3 0 30 41 22 3 11 12 10 9 10 41 3 9 11 9 41 9 10 9 9 10 9 9 19 10 9 13 9 3 11 0 11 40 41 41 41 38 41 11 22 0 9 9 0 28 30 7 8 38 1 0 3 28 1 3 28 28 28 7 3 0 13 0 38 28 33 7 8 28 8 30 28 28 38 38 28 38 28 28 2 13 28 7 28 28 13 3 29 38 7 28 28 1 38 28 30 0 3 13 7 28 13 7 28 30 28 3 28 8 3 0 28 7 3 1 20 28 28 28 28 7 0 28 3 7 13 1 0 38 28 29 8 28 6 8 28 0 28 28 7 28 29 28 8 5 4 5 2 2 37 2 2 2 7 42 37 2 37 6 2 4 2 26 2 2 37 2 42 6 2 2 42 2 6 2 17 42 42 2 42 5 42 6 5 26 2 42 2 2 42 42 6 2 37 4 2 2 2 6 5 2 37 6 40 2 5 42 42 2 6 25 5 37 6 42 25 42 37 2 6 37 37 2 42 2 2 5 2 2 2 2 2 4 4 4 5 37 37 40 2 6 42 42 2 21 39 39 31 21 31 39 21 31 39 39 31 39 39 39 39 21 31 21 39 39 21 39 21 39 39 21 39 31 39 39 21 39 39 21 31 33 39 39 31 39 31 33 22 12 39 31 31 32 21 39 31 31 39 21 39 31 0 21 39 31 32 21 39 33 33 22 31 39 21 39 3 31 32 31 21 39 39 21 31 39 31 31 32 39 39 39 39 31 39 39 39 39 31 31 39 31 39 39 39"
91,3,-0.7226,1.0000,0.9247,-0.4455,-0.3296,"20 0 13 29 18 1 3 8 9 38 3 6 1 9 38 39 19 3 40 10 13 3 10 3 1 1 6 33 4 13 32 13 2 38 38 9 1 0 13 21 0 1 12 0 34 1 22 1 13 36 29 38 3 40 15 20 14 0 0 38 31 0 0 13 3 0 19 41 11 0 5 3 18 0 26 1 24 8 3 27 35 12 11 3 29 16 38 0 38 41 39 17 1 11 24 21 41 3 3 0 3 9 12 12 3 11 9 9 9 9 9 0 10 11 11 9 21 12 3 9 9 22 9 22 10 9 12 11 0 11 9 9 19 9 41 9 0 9 9 11 9 9 11 3 11 41 10 9 0 38 41 9 9 22 1 3 0 30 41 22 3 11 12 10 9 10 41 3 9 11 9 41 9 10 9 9 10 9 9 19 10 9 13 9 3 11 0 11 40 41 41 41 38 41 11 22 0 9 9 0 28 30 7 8 38 1 0 3 28 1 3 28 28 28 7 3 0 13 0 38 28 33 7 8 28 8 30 28 28 38 38 28 38 28 28 2 13 28 7 28 28 13 3 29 38 7 28 28 1 38 28 30 0 3 13 7 28 13 7 28 30 28 3 28 8 3 0 28 7 3 1 20 28 28 28 28 7 0 28 3 7 13 1 0 38 28 29 8 28 6 8 28 0 28 28 7 28 29 28 8 5 4 5 2 2 37 2 2 2 7 42 37 2 37 6 2 4 2 26 2 2 37 2 42 6 2 2 42 2 6 2 17 42 42 2 42 5 42 6 5 26 2 42 2 2 42 42 6 2 37 4 2 2 2 6 5 2 37 6 40 2 5 42 42 2 6 25 5 37 6 42 25 42 37 2 6 37 37 2 42 2 2 5 2 2 2 2 2 4 4 4 5 37 37 40 2 6 42 42 2 21 39 39 31 21 31 39 21 31 39 39 31 39 39 39 39 21 31 21 39 39 21 39 21 39 39 21 39 31 39 39 21 39 39 21 31 33 39 39 31 39 31 33 22 12 39 31 31 32 21 39 31 31 39 21 39 31 0 21 39 31 32 21 39 33 33 22 31 39 21 39 3 31 32 31 21 39 39 21 31 39 31 31 32 39 39 39 39 31 39 39 39 39 31 31 39 31 39 39 39"
92,3,-0.7014,1.0000,0.9952,-0.4913,-0.3669,"20 0 13 29 18 1 3 8 9 38 3 6 1 9 38 39 19 3 40 10 13 3 10 3 1 1 6 33 4 13 32 13 2 38 38 9 1 0 13 21 0 1 12 0 34 1 22 1 13 36 29 38 3 40 15 20 14 0 0 38 31 0 0 13 3 0 19 41 11 0 5 3 18 0 26 1 24 8 3 27 35 12 11 3 29 16 38 0 38 41 39 17 1 11 24 21 41 3 3 0 3 9 12 12 3 11 9 9 9 9 9 0 10 11 11 9 21 12 3 9 9 22 9 22 10 9 12 11 0 11 9 9 19 9 41 9 0 9 9 11 9 9 11 3 11 41 10 9 0 38 41 9 9 22 1 3 0 30 41 22 3 11 12 10 9 10 41 3 9 11 9 41 9 10 9 9 10 9 9 19 10 9 13 9 3 11 0 11 40 41 41 41 38 41 11 22 0 9 9 0 28 30 7 8 38 1 0 3 28 1 3 28 28 28 7 3 0 13 0 38 28 33 7 8 28 8 30 28 28 38 38 28 38 28 28 2 13 28 7 28 28 13 3 29 38 7 28 28 1 38 28 30 0 3 13 7 28 13 7 28 30 28 3 28 8 3 0 28 7 3 1 20 28 28 28 28 7 0 28 3 7 13 1 0 38 28 29 8 28 6 8 28 0 28 28 7 28 29 28 8 5 4 5 2 2 37 2 2 2 7 42 37 2 37 6 2 4 2 26 2 2 37 2 42 6 2 2 42 2 6 2 17 42 42 2 42 5 42 6 5 26 2 42 2 2 42 42 6 2 37 4 2 2 2 6 5 2 37 6 40 2 5 42 42 2 6 25 5 37 6 42 25 42 37 2 6 37 37 2 42 2 2 5 2 2 2 2 2 4 4 4 5 37 37 40 2 6 42 42 2 21 39 39 31 21 31 39 21 31 39 39 31 39 39 39 39 21 31 21 39 39 21 39 21 39 39 21 39 31 39 39 21 39 39 21 31 33 39 39 31 39 31 33 22 12 39 31 31 32 21 39 31 31 39 21 39 31 0 21 39 31 32 21 39 33 33 22 31 39 21 39 3 31 32 31 21 39 39 21 31 39 31 31 32 39 39 39 39 31 39 39 39 39 31 31 39 31 39 39 39"
93,3,-0.7046,1.0000,0.9846,-0.4629,-0.3000,"20 0 13 29 18 1 3 8 9 38 3 6 1 9 38 39 19 3 40 10 13 3 10 3 1 1 6 33 4 13 32 13 2 38 38 9 1 0 13 21 0 1 12 0 34 1 22 1 13 36 29 38 3 40 15 20 14 0 0 38 31 0 0 13 3 0 19 41 11 0 5 3 18 0 26 1 24 8 3 27 35 12 11 3 29 16 38 0 38 41 39 17 1 11 24 21 41 3 3 0 3 9 12 12 3 11 9 9 9 9 9 0 10 11 11 9 21 12 3 9 9 22 9 22 10 9 12 11 0 11 9 9 19 9 41 9 0 9 9 11 9 9 11 3 11 41 10 9 0 38 41 9 9 22 1 3 0 30 41 22 3 11 12 10 9 10 41 3 9 11 9 41 9 10 9 9 10 9 9 19 10 9 13 9 3 11 0 11 40 41 41 41 38 41 11 22 0 9 9 0 28 30 7 8 38 1 0 3 28 1 3 28 28 28 7 3 0 13 0 38 28 33 7 8 28 8 30 28 28 38 38 28 38 28 28 2 13 28 7 28 28 13 3 29 38 7 28 28 1 38 28 30 0 3 13 7 28 13 7 28 30 28 3 28 8 3 0 28 7 3 1 20 28 28 28 28 7 0 28 3 7 13 1 0 38 28 29 8 28 6 8 28 0 28 28 7 28 29 28 8 5 4 5 2 2 37 2 2 2 7 42 37 2 37 6 2 4 2 26 2 2 37 2 42 6 2 2 42 2 6 2 17 42 42 2 42 5 42 6 5 26 2 42 2 2 42 42 6 2 37 4 2 2 2 6 5 2 37 6 40 2 5 42 42 2 6 25 5 37 6 42 25 42 37 2 6 37 37 2 42 2 2 5 2 2 2 2 2 4 4 4 5 37 37 40 2 6 42 42 2 21 39 39 31 21 31 39 21 31 39 39 31 39 39 39 39 21 31 21 39 39 21 39 21 39 39 21 39 31 39 39 21 39 39 21 31 33 39 39 31 39 31 33 22 12 39 31 31 32 21 39 31 31 39 21 39 31 0 21 39 31 32 21 39 33 33 22 31 39 21 39 3 31 32 31 21 39 39 21 31 39 31 31 32 39 39 39 39 31 39 39 39 39 31 31 39 31 39 39 39"
94,3,-0.6615,0.9615,1.0000,-0.4836,-0.3786,"20 0 13 29 18 1 3 8 9 38 3 6 1 9 38 39 19 3 40 10 13 3 10 3 1 1 6 33 4 13 32 13 2 38 38 9 1 0 13 21 0 1 12 0 34 1 22 1 13 36 29 38 3 40 15 20 14 0 0 38 31 0 0 13 3 0 19 41 11 0 5 3 18 0 26 1 24 8 3 27 35 12 11 3 29 16 38 0 38 41 39 17 1 11 24 21 41 3 3 0 3 9 12 12 3 11 9 9 9 9 9 0 10 11 11 9 21 12 3 9 9 22 9 22 10 9 12 11 0 11 9 9 19 9 41 9 0 9 9 11 9 9 11 3 11 41 10 9 0 38 41 9 9 22 1 3 0 30 41 22 3 11 12 10 9 10 41 3 9 11 9 41 9 10 9 9 10 9 9 19 10 9 13 9 3 11 0 11 40 41 41 41 38 41 11 22 0 9 9 0 28 30 7 8 38 1 0 3 28 1 3 28 28 28 7 3 0 13 0 38 28 33 7 8 28 8 30 28 28 38 38 28 38 28 28 2 13 28 7 28 28 13 3 29 38 7 28 28 1 38 28 30 0 3 13 7 28 13 7 28 30 28 3 28 8 3 0 28 7 3 1 20 28 28 28 28 7 0 28 3 7 13 1 0 38 28 29 8 28 6 8 28 0 28 28 7 28 29 28 8 5 4 5 2 2 37 2 2 2 7 42 37 2 37 6 2 4 2 26 2 2 37 2 42 6 2 2 42 2 6 2 17 42 42 2 42 5 42 6 5 26 2 42 2 2 42 42 6 2 37 4 2 2 2 6 5 2 37 6 40 2 5 42 42 2 6 25 5 37 6 42 25 42 37 2 6 37 37 2 42 2 2 5 2 2 2 2 2 4 4 4 5 37 37 40 2 6 42 42 2 21 39 39 31 21 31 39 21 31 39 39 31 39 39 39 39 21 31 21 39 39 21 39 21 39 39 21 39 31 39 39 21 39 39 21 31 33 39 39 31 39 31 33 22 12 39 31 31 32 21 39 31 31 39 21 39 31 0 21 39 31 32 21 39 33 33 22 31 39 21 39 3 31 32 31 21 39 39 21 31 39 31 31 32 39 39 39 39 31 39 39 39 39 31 31 39 31 39 39 39"
95,3,-0.7209,1.0000,0.9302,-0.4350,-0.3250,"20 0 13 29 18 1 3 8 9 38 3 6 1 9 38 39 19 3 40 10 13 3 10 3 1 1 6 33 4 13 32 13 2 38 38 9 1 0 13 21 0 1 12 0 34 1 22 1 13 36 29 38 3 40 15 20 14 0 0 38 31 0 0 13 3 0 19 41 11 0 5 3 18 0 26 1 24 8 3 27 35 12 11 3 29 16 38 0 38 41 39 17 1 11 24 21 41 3 3 0 3 9 12 12 3 11 9 9 9 9 9 0 10 11 11 9 21 12 3 9 9 22 9 22 10 9 12 11 0 11 9 9 19 9 41 9 0 9 9 11 9 9 11 3 11 41 10 9 0 38 41 9 9 22 1 3 0 30 41 22 3 11 12 10 9 10 41 3 9 11 9 41 9 10 9 9 10 9 9 19 10 9 13 9 3 11 0 11 40 41 41 41 38 41 11 22 0 9 9 0 28 30 7 8 38 1 0 3 28 1 3 28 28 28 7 3 0 13 0 38 28 33 7 8 28 8 30 28 28 38 38 28 38 28 28 2 13 28 7 28 28 13 3 29 38 7 28 28 1 38 28 30 0 3 13 7 28 13 7 28 30 28 3 28 8 3 0 28 7 3 1 20 28 28 28 28 7 0 28 3 7 13 1 0 38 28 29 8 28 6 8 28 0 28 28 7 28 29 28 8 5 4 5 2 2 37 2 2 2 7 42 37 2 37 6 2 4 2 26 2 2 37 2 42 6 2 2 42 2 6 2 17 42 42 2 42 5 42 6 5 26 2 42 2 2 42 42 6 2 37 4 2 2 2 6 5 2 37 6 40 2 5 42 42 2 6 25 5 37 6 42 25 42 37 2 6 37 37 2 42 2 2 5 2 2 2 2 2 4 4 4 5 37 37 40 2 6 42 42 2 21 39 39 31 21 31 39 21 31 39 39 31 39 39 39 39 21 31 21 39 39 21 39 21 39 39 21 39 31 39 39 21 39 39 21 31 33 39 39 31 39 31 33 22 12 39 31 31 32 21 39 31 31 39 21 39 31 0 21 39 31 32 21 39 33 33 22 31 39 21 39 3 31 32 31 21 39 39 21 31 39 31 31 32 39 39 39 39 31 39 39 39 39 31 31 39 31 39 39 39"
96,3,-0.7388,1.0000,0.8706,-0.4642,-0.2927,"20 0 13 29 18 1 3 8 9 38 3 6 1 9 38 39 19 3 40 10 13 3 10 3 1 1 6 33 4 13 32 13 2 38 38 9 1 0 13 21 0 1 12 0 34 1 22 1 13 36 29 38 3 40 15 20 14 0 0 38 31 0 0 13 3 0 19 41 11 0 5 3 18 0 26 1 24 8 3 27 35 12 11 3 29 16 38 0 38 41 39 17 1 11 24 21 41 3 3 0 3 9 12 12 3 11 9 9 9 9 9 0 10 11 11 9 21 12 3 9 9 22 9 22 10 9 12 11 0 11 9 9 19 9 41 9 0 9 9 11 9 9 11 3 11 41 10 9 0 38 41 9 9 22 1 3 0 30 41 22 3 11 12 10 9 10 41 3 9 11 9 41 9 10 9 9 10 9 9 19 10 9 13 9 3 11 0 11 40 41 41 41 38 41 11 22 0 9 9 0 28 30 7 8 38 1 0 3 28 1 3 28 28 28 7 3 0 13 0 38 28 33 7 8 28 8 30 28 28 38 38 28 38 28 28 2 13 28 7 28 28 13 3 29 38 7 28 28 1 38 28 30 0 3 13 7 28 13 7 28 30 28 3 28 8 3 0 28 7 3 1 20 28 28 28 28 7 0 28 3 7 13 1 0 38 28 29 8 28 6 8 28 0 28 28 7 28 29 28 8 5 4 5 2 2 37 2 2 2 7 42 37 2 37 6 2 4 2 26 2 2 37 2 42 6 2 2 42 2 6 2 17 42 42 2 42 5 42 6 5 26 2 42 2 2 42 42 6 2 37 4 2 2 2 6 5 2 37 6 40 2 5 42 42 2 6 25 5 37 6 42 25 42 37 2 6 37 37 2 42 2 2 5 2 2 2 2 2 4 4 4 5 37 37 40 2 6 42 42 2 21 39 39 31 21 31 39 21 31 39 39 31 39 39 39 39 21 31 21 39 39 21 39 21 39 39 21 39 31 39 39 21 39 39 21 31 33 39 39 31 39 31 33 22 12 39 31 31 32 21 39 31 31 39 21 39 31 0 21 39 31 32 21 39 33 33 22 31 39 21 39 3 31 32 31 21 39 39 21 31 39 31 31 32 39 39 39 39 31 39 39 39 39 31 31 39 31 39 39 39"
97,3,-0.7143,1.0000,0.9524,-0.4962,-0.3365,"20 0 13 29 18 1 3 8 9 38 3 6 1 9 38 39 19 3 40 10 13 3 10 3 1 1 6 33 4 13 32 13 2 38 38 9 1 0 13 21 0 1 12 0 34 1 22 1 13 36 29 38 3 40 15 20 14 0 0 38 31 0 0 13 3 0 19 41 11 0 5 3 18 0 26 1 24 8 3 27 35 12 11 3 29 16 38 0 38 41 39 17 1 11 24 21 41 3 3 0 3 9 12 12 3 11 9 9 9 9 9 0 10 11 11 9 21 12 3 9 9 22 9 22 10 9 12 11 0 11 9 9 19 9 41 9 0 9 9 11 9 9 11 3 11 41 10 9 0 38 41 9 9 22 1 3 0 30 41 22 3 11 12 10 9 10 41 3 9 11 9 41 9 10 9 9 10 9 9 19 10 9 13 9 3 11 0 11 40 41 41 41 38 41 11 22 0 9 9 0 28 30 7 8 38 1 0 3 28 1 3 28 28 28 7 3 0 13 0 38 28 33 7 8 28 8 30 28 28 38 38 28 38 28 28 2 13 28 7 28 28 13 3 29 38 7 28 28 1 38 28 30 0 3 13 7 28 13 7 28 30 28 3 28 8 3 0 28 7 3 1 20 28 28 28 28 7 0 28 3 7 13 1 0 38 28 29 8 28 6 8 28 0 28 28 7 28 29 28 8 5 4 5 2 2 37 2 2 2 7 42 37 2 37 6 2 4 2 26 2 2 37 2 42 6 2 2 42 2 6 2 17 42 42 2 42 5 42 6 5 26 2 42 2 2 42 42 6 2 37 4 2 2 2 6 5 2 37 6 40 2 5 42 42 2 6 25 5 37 6 42 25 42 37 2 6 37 37 2 42 2 2 5 2 2 2 2 2 4 4 4 5 37 37 40 2 6 42 42 2 21 39 39 31 21 31 39 21 31 39 39 31 39 39 39 39 21 31 21 39 39 21 39 21 39 39 21 39 31 39 39 21 39 39 21 31 33 39 39 31 39 31 33 22 12 39 31 31 32 21 39 31 31 39 21 39 31 0 21 39 31 32 21 39 33 33 22 31 39 21 39 3 31 32 31 21 39 39 21 31 39 31 31 32 39 39 39 39 31 39 39 39 39 31 31 39 31 39 39 39"
98,3,-0.7154,1.0000,0.9486,-0.5069,-0.3574,"20 0 13 29 18 1 3 8 9 38 3 6 1 9 38 39 19 3 40 10 13 3 10 3 1 1 6 33 4 13 32 13 2 38 38 9 1 0 13 21 0 1 12 0 34 1 22 1 13 36 29 38 3 40 15 20 14 0 0 38 31 0 0 13 3 0 19 41 11 0 5 3 18 0 26 1 24 8 3 27 35 12 11 3 29 16 38 0 38 41 39 17 1 11 24 21 41 3 3 0 3 9 12 12 3 11 9 9 9 9 9 0 10 11 11 9 21 12 3 9 9 22 9 22 10 9 12 11 0 11 9 9 19 9 41 9 0 9 9 11 9 9 11 3 11 41 10 9 0 38 41 9 9 22 1 3 0 30 41 22 3 11 12 10 9 10 41 3 9 11 9 41 9 10 9 9 10 9 9 19 10 9 13 9 3 11 0 11 40 41 41 41 38 41 11 22 0 9 9 0 28 30 7 8 38 1 0 3 28 1 3 28 28 28 7 3 0 13 0 38 28 33 7 8 28 8 30 28 28 38 38 28 38 28 28 2 13 28 7 28 28 13 3 29 38 7 28 28 1 38 28 30 0 3 13 7 28 13 7 28 30 28 3 28 8 3 0 28 7 3 1 20 28 28 28 28 7 0 28 3 7 13 1 0 38 28 29 8 28 6 8 28 0 28 28 7 28 29 28 8 5 4 5 2 2 37 2 2 2 7 42 37 2 37 6 2 4 2 26 2 2 37 2 42 6 2 2 42 2 6 2 17 42 42 2 42 5 42 6 5 26 2 42 2 2 42 42 6 2 37 4 2 2 2 6 5 2 37 6 40 2 5 42 42 2 6 25 5 37 6 42 25 42 37 2 6 37 37 2 42 2 2 5 2 2 2 2 2 4 4 4 5 37 37 40 2 6 42 42 2 21 39 39 31 21 31 39 21 31 39 39 31 39 39 39 39 21 31 21 39 39 21 39 21 39 39 21 39 31 39 39 21 39 39 21 31 33 39 39 31 39 31 33 22 12 39 31 31 32 21 39 31 31 39 21 39 31 0 21 39 31 32 21 39 33 33 22 31 39 21 39 3 31 32 31 21 39 39 21 31 39 31 31 32 39 39 39 39 31 39 39 39 39 31 31 39 31 39 39 39"
99,3,-0.7122,1.0000,0.9593,-0.5061,-0.2860,"20 0 13 29 18 1 3 8 9 38 3 6 1 9 38 39 19 3 40 10 13 3 10 3 1 1 6 33 4 13 32 13 2 38 38 9 1 0 13 21 0 1 12 0 34 1 22 1 13 36 29 38 3 40 15 20 14 0 0 38 31 0 0 13 3 0 19 41 11 0 5 3 18 0 26 1 24 8 3 27 35 12 11 3 29 16 38 0 38 41 39 17 1 11 24 21 41 3 3 0 3 9 12 12 3 11 9 9 9 9 9 0 10 11 11 9 21 12 3 9 9 22 9 22 10 9 12 11 0 11 9 9 19 9 41 9 0 9 9 11 9 9 11 3 11 41 10 9 0 38 41 9 9 22 1 3 0 30 41 22 3 11 12 10 9 10 41 3 9 11 9 41 9 10 9 9 10 9 9 19 10 9 13 9 3 11 0 11 40 41 41 41 38 41 11 22 0 9 9 0 28 30 7 8 38 1 0 3 28 1 3 28 28 28 7 3 0 13 0 38 28 33 7 8 28 8 30 28 28 38 38 28 38 28 28 2 13 28 7 28 28 13 3 29 38 7 28 28 1 38 28 30 0 3 13 7 28 13 7 28 30 28 3 28 8 3 0 28 7 3 1 20 28 28 28 28 7 0 28 3 7 13 1 0 38 28 29 8 28 6 8 28 0 28 28 7 28 29 28 8 5 4 5 2 2 37 2 2 2 7 42 37 2 37 6 2 4 2 26 2 2 37 2 42 6 2 2 42 2 6 2 17 42 42 2 42 5 42 6 5 26 2 42 2 2 42 42 6 2 37 4 2 2 2 6 5 2 37 6 40 2 5 42 42 2 6 25 5 37 6 42 25 42 37 2 6 37 37 2 42 2 2 5 2 2 2 2 2 4 4 4 5 37 37 40 2 6 42 42 2 21 39 39 31 21 31 39 21 31 39 39 31 39 39 39 39 21 31 21 39 39 21 39 21 39 39 21 39 31 39 39 21 39 39 21 31 33 39 39 31 39 31 33 22 12 39 31 31 32 21 39 31 31 39 21 39 31 0 21 39 31 32 21 39 33 33 22 31 39 21 39 3 31 32 31 21 39 39 21 31 39 31 31 32 39 39 39 39 31 39 39 39 39 31 31 39 31 39 39 39"
100,3,-0.7061,1.0000,0.9796,-0.5149,-0.3209,"20 0 13 29 18 1 3 8 9 38 3 6 1 9 38 39 19 3 40 10 13 3 10 3 1 1 6 33 4 13 32 13 2 38 38 9 1 0 13 21 0 1 12 0 34 1 22 1 13 36 29 38 3 40 15 20 14 0 0 38 31 0 0 13 3 0 19 41 11 0 5 3 18 0 26 1 24 8 3 27 35 12 11 3 29 16 38 0 38 41 39 17 1 11 24 21 41 3 3 0 3 9 12 12 3 11 9 9 9 9 9 0 10 11 11 9 21 12 3 9 9 22 9 22 10 9 12 11 0 11 9 9 19 9 41 9 0 9 9 11 9 9 11 3 11 41 10 9 0 38 41 9 9 22 1 3 0 30 41 22 3 11 12 10 9 10 41 3 9 11 9 41 9 10 9 9 10 9 9 19 10 9 13 9 3 11 0 11 40 41 41 41 38 41 11 22 0 9 9 0 28 30 7 8 38 1 0 3 28 1 3 28 28 28 7 3 0 13 0 38 28 33 7 8 28 8 30 28 28 38 38 28 38 28 28 2 13 28 7 28 28 13 3 29 38 7 28 28 1 38 28 30 0 3 13 7 28 13 7 28 30 28 3 28 8 3 0 28 7 3 1 20 28 28 28 28 7 0 28 3 7 13 1 0 38 28 29 8 28 6 8 28 0 28 28 7 28 29 28 8 5 4 5 2 2 37 2 2 2 7 42 37 2 37 6 2 4 2 26 2 2 37 2 42 6 2 2 42 2 6 2 17 42 42 2 42 5 42 6 5 26 2 42 2 2 42 42 6 2 37 4 2 2 2 6 5 2 37 6 40 2 5 42 42 2 6 25 5 37 6 42 25 42 37 2 6 37 37 2 42 2 2 5 2 2 2 2 2 4 4 4 5 37 37 40 2 6 42 42 2 21 39 39 31 21 31 39 21 31 39 39 31 39 39 39 39 21 31 21 39 39 21 39 21 39 39 21 39 31 39 39 21 39 39 21 31 33 39 39 31 39 31 33 22 12 39 31 31 32 21 39 31 31 39 21 39 31 0 21 39 31 32 21 39 33 33 22 31 39 21 39 3 31 32 31 21 39 39 21 31 39 31 31 32 39 39 39 39 31 39 39 39 39 31 31 39 31 39 39 39"
# runtime_seconds=18.184
